Vehicle2Name	TimeStamp	POS_X	POS_Y	POS_Z	Q_W	Q_X	Q_Y	Q_Z	v_X	v_Y	v_Z	av_X	av_Y	av_Z	a_X	a_Y	a_Z	aa_X	aa_Y	aa_Z	thrust0	torque0	speed0	thrust1	torque1	speed1	thrust2	torque2	speed2	thrust3	torque3	speed3	ImageImageFile	ctes	Theta_e
SimpleFlight	0.0	0.0265329	3.88173	-30.4351	0.989302	-0.13886400000000002	-0.039935000000000005	-0.0200667	0.0454166	-0.15365299999999998	0.0808286	-2.09654	-0.477117	-0.643201	0.763249	-2.85122	-0.325513	18.9125	2.40777	-4.80756	0.9436370000000001	-0.0125449	318.29200000000003	1.1255	-0.0149625	347.61199999999997	4.16075	0.05531369999999999	668.3580000000001	3.6377099999999998	0.0483603	624.938	img_SimpleFlight__0_1627900383897000500.png	3.8718456692129326	1.2048605987422263
SimpleFlight	0.081	0.0331215	3.85785	-30.4303	0.976607	-0.199762	-0.05885419999999999	-0.0535664	0.121405	-0.45857	0.0325906	-1.1094899999999999	-0.295695	-1.00912	1.0632	-4.49054	-0.639695	14.2849	1.71632	-4.13707	1.37733	-0.0183104	384.54	1.63861	-0.021783900000000002	419.431	4.17945	0.0555622	669.857	3.8562199999999995	0.05126519999999999	643.434	img_SimpleFlight__0_1627900383985265700.png	3.8485562188814977	1.2334472584434637
SimpleFlight	0.207	0.0577351	3.76004	-30.4334	0.962258	-0.22359	-0.0860319	-0.129097	0.27572399999999997	-1.1202	-0.0989597	-0.0380454	-0.111651	-1.47066	1.37091	-5.76049	-1.47996	4.54484	1.22223	-3.18825	2.3548400000000003	-0.031305599999999996	502.81	2.42775	-0.0322749	510.535	4.17945	0.0555622	669.857	4.0539	0.053893100000000006	659.72	img_SimpleFlight__0_1627900384113301900.png	3.7529788952676677	1.250915782018188
SimpleFlight	0.288	0.0847578	3.6500800000000004	-30.4469	0.9527190000000001	-0.21353200000000003	-0.103452	-0.18981199999999998	0.39389	-1.59751	-0.242637	0.23030100000000003	-0.018256599999999998	-1.7049299999999998	1.5479100000000001	-5.96784	-2.06637	1.84627	1.5641200000000002	-2.60377	2.4177400000000002	-0.0321418	509.481	2.46695	-0.0327961	514.64	4.17945	0.0555622	669.857	4.0574900000000005	0.0539409	660.012	img_SimpleFlight__0_1627900384197772000.png	3.645478041856498	1.2505134236685658
SimpleFlight	0.369	0.12195	3.5011099999999997	-30.474	0.939011	-0.19334400000000002	-0.120308	-0.257687	0.5270699999999999	-2.0798400000000004	-0.433541	0.371016	0.0609427	-1.89422	1.7447599999999999	-5.90114	-2.63469	0.8567030000000001	1.2349	-2.08058	2.78956	-0.0370848	547.256	2.7831900000000003	-0.0370002	546.632	4.17945	0.0555622	669.857	4.0986400000000005	0.0544879	663.35	img_SimpleFlight__0_1627900384284946800.png	3.4998853330304023	1.2440630022414045
SimpleFlight	0.45	0.170601	3.31355	-30.5182	0.918933	-0.166769	-0.136152	-0.330472	0.676344	-2.54477	-0.659725	0.341565	-0.00222512	-2.043	1.8794799999999998	-5.35839	-2.47857	-8.63574	-11.2104	-1.54645	3.0846400000000003	-0.0410076	575.4730000000001	3.06394	-0.0407324	573.539	4.17945	0.0555622	669.857	4.117030000000001	0.05473240000000001	664.836	img_SimpleFlight__0_1627900384371562800.png	3.3167206313816724	1.2324839265122058
SimpleFlight	0.531	0.231812	3.09017	-30.5797	0.8899360000000001	-0.14022	-0.155396	-0.405221	0.829767	-2.94393	-0.803313	0.451975	0.0637308	-2.15596	1.55945	-3.62586	0.944217	3.00146	0.8986780000000001	-0.228938	3.22835	-0.0429182	588.727	3.2918	-0.043761699999999994	594.4830000000001	4.1447400000000005	0.055100800000000005	667.071	4.02855	0.0535561	657.654	img_SimpleFlight__0_1627900384458130400.png	3.0988317970809636	1.2175267308790714
SimpleFlight	0.609	0.300873	2.8511599999999997	-30.6361	0.857564	-0.106706	-0.169521	-0.473772	0.9379940000000001	-3.16908	-0.614618	0.564211	0.223014	-1.9451599999999998	1.31282	-2.3977	3.2959300000000002	2.6657900000000003	2.02457	5.51548	2.62626	-0.0349139	530.997	2.6250400000000003	-0.0348976	530.873	2.15191	0.028607900000000002	480.657	1.98945	0.0264481	462.157	img_SimpleFlight__0_1627900384544388500.png	2.865977048755469	1.2044890429358999
SimpleFlight	0.69	0.38163600000000003	2.5865400000000003	-30.6762	0.827909	-0.0680457	-0.177431	-0.527688	1.06221	-3.3645400000000003	-0.390208	0.635383	0.384366	-1.37523	1.72655	-2.3365099999999996	2.4348	1.02573	2.0194400000000003	7.50161	3.7676800000000004	-0.050088099999999997	636.004	3.69695	-0.0491479	630.007	0.215592	0.00286611	152.138	0.125771	0.00167202	116.20200000000001	img_SimpleFlight__0_1627900384631239100.png	2.608509375851277	1.1864523195031715
SimpleFlight	0.765	0.46642100000000003	2.32797	-30.6988	0.8099770000000001	-0.0306	-0.179142	-0.557592	1.2023	-3.5257	-0.21256	0.7126399999999999	0.541076	-0.812358	2.01359	-1.94418	2.31002	0.918151	2.11501	7.5085	4.1794199999999995	-0.05556180000000001	669.855	4.07282	-0.0541447	661.258	0.028442500000000003	0.000378119	55.2595	0.0101626	0.000135103	33.0312	img_SimpleFlight__0_1627900384716468400.png	2.357388615299187	1.1636126750883085
SimpleFlight	0.846	0.5707899999999999	2.03655	-30.7086	0.803187	0.0117999	-0.175819	-0.569068	1.37939	-3.6624199999999996	-0.031182400000000002	0.7687649999999999	0.7251920000000001	-0.205652	2.35486	-1.40419	2.1957400000000002	0.366117	2.15405	7.50403	4.17945	-0.0555622	669.857	4.09416	-0.0544284	662.988	0.026474900000000003	0.000351961	53.3139	0.0153679	0.000204303	40.619	img_SimpleFlight__0_1627900384802144600.png	2.0750556632646977	1.132054515343405
SimpleFlight	0.927	0.6913189999999999	1.73564	-30.7061	0.809266	0.0533905	-0.167713	-0.5604560000000001	1.6117700000000001	-3.7621800000000003	0.0592025	0.727147	0.824415	0.32033	3.3966	-0.991072	0.04002	0.587685	1.8560400000000001	5.47436	4.17945	-0.0555622	669.857	4.13748	-0.0550043	666.4860000000001	0.275773	0.00366617	172.06799999999998	0.21398699999999998	0.00284478	151.571	img_SimpleFlight__0_1627900384887666100.png	1.7845298647200436	1.087497862575157
SimpleFlight	1.005	0.8279540000000001	1.43998	-30.7022	0.823931	0.0903748	-0.156999	-0.536957	1.89864	-3.80769	0.0331857	0.612041	0.83045	0.719326	3.93548	-0.150316	-0.680454	-4.6127199999999995	-3.19727	4.784619999999999	4.17945	-0.0555622	669.857	4.15405	-0.0552246	667.819	1.25039	0.016622799999999997	366.39099999999996	1.2255	0.016291999999999997	362.727	img_SimpleFlight__0_1627900384972629300.png	1.500501544373281	1.0297030757198677
SimpleFlight	1.083	0.9884	1.14335	-30.7022	0.8444280000000001	0.115673	-0.146793	-0.500526	2.23271	-3.78577	-0.047106699999999994	0.36130100000000004	0.615743	1.0787200000000001	4.29447	0.663221	-1.3291600000000001	-3.50777	-2.7259599999999997	4.10021	4.15681	-0.055261199999999996	668.041	4.1794400000000005	-0.055562099999999996	669.857	1.5227	0.020243	404.325	1.72879	0.0229828	430.81800000000004	img_SimpleFlight__0_1627900385058244300.png	1.217374403741173	0.9593976477627288
SimpleFlight	1.167	1.19026	0.828277	-30.7112	0.870914	0.12906700000000002	-0.139533	-0.453191	2.58927	-3.70421	-0.17984	0.22708000000000003	0.491233	1.38331	4.4921	1.33191	-1.95786	-1.66108	-1.44875	3.43005	4.149380000000001	-0.0551624	667.443	4.17945	-0.0555622	669.857	2.0192200000000002	0.026843799999999998	465.602	2.0752099999999998	0.0275882	472.01300000000003	img_SimpleFlight__0_1627900385144153800.png	0.9191104217134974	0.8821970677404988
SimpleFlight	1.248	1.4148399999999999	0.5332399999999999	-30.7328	0.898429	0.135074	-0.134776	-0.395495	2.95675	-3.5728800000000005	-0.362446	0.154981	0.41573999999999994	1.63544	4.557980000000001	1.89345	-2.5301099999999996	-0.617486	-0.728733	2.81993	4.154	-0.055224	667.815	4.17945	-0.0555622	669.857	2.39188	0.031798	506.749	2.4283799999999998	0.0322832	510.6	img_SimpleFlight__0_1627900385227235300.png	0.6426032660394353	0.8009388856522466
SimpleFlight	1.329	1.66894	0.250427	-30.7701	0.9254370000000001	0.13622599999999999	-0.13204200000000002	-0.32798299999999997	3.3065	-3.40849	-0.537367	0.114344	0.364723	1.8620400000000001	3.7080699999999998	1.96596	-0.7794800000000001	-0.338133	-0.48406899999999997	2.5706599999999997	4.15031	-0.0551748	667.518	4.17945	-0.0555622	669.857	2.62058	0.0348384	530.422	2.62921	0.0349531	531.295	img_SimpleFlight__0_1627900385312315300.png	0.14216572090007093	0.5649659534466882
SimpleFlight	1.407	1.93692	-0.00974591	-30.8116	0.948839	0.133304	-0.13086099999999998	-0.254576	3.5529800000000002	-3.26484	-0.49913599999999997	0.0639299	0.319718	1.99983	2.7861700000000003	1.77643	1.29139	-0.123252	-0.351951	0.332106	3.32051	-0.0441433	597.07	3.34404	-0.044456199999999994	599.182	2.03567	0.0270625	467.495	2.05029	0.0272569	469.171	img_SimpleFlight__0_1627900385396326400.png	0.048259902280153456	0.5075410738115659
SimpleFlight	1.485	2.22213	-0.259009	-30.8459	0.9668190000000001	0.127702	-0.129917	-0.179096	3.7557699999999996	-3.12613	-0.376333	0.0340864	0.293119	1.9046	2.45491	1.79384	1.7378900000000002	-1.11358	-0.37554299999999996	-2.63852	2.1335	-0.0283631	478.596	2.15568	-0.0286579	481.077	2.43758	0.032405500000000004	511.56699999999995	2.436	0.0323846	511.402	img_SimpleFlight__0_1627900385481739400.png	0.22405488103619037	0.4585405528055074
SimpleFlight	1.566	2.53418	-0.5062840000000001	-30.8706	0.978477	0.120978	-0.127751	-0.107828	3.94622	-2.97852	-0.233346	0.0111308	0.27763499999999997	1.6066200000000002	2.25637	1.8499700000000001	1.76217	-0.5741109999999999	-0.149922	-4.60542	1.2961	-0.0172306	373.029	1.3073299999999999	-0.0173798	374.64099999999996	3.0935	0.0411255	576.3	3.0952900000000003	0.0411492	576.466	img_SimpleFlight__0_1627900385564642300.png	0.39165102731129003	0.4109325668774766
SimpleFlight	1.647	2.8610599999999997	-0.7414189999999999	-30.8839	0.9843870000000001	0.114605	-0.12360399999999999	-0.050686300000000004	4.12249	-2.82652	-0.0953242	-0.0129548	0.269027	1.19018	2.09574	1.89753	1.6420299999999999	-0.2886	-0.0795466	-5.52955	0.823931	-0.0109535	297.41900000000004	0.829412	-0.0110263	298.406	3.55586	0.0472721	617.867	3.55632	0.0472783	617.908	img_SimpleFlight__0_1627900385648381300.png	0.5439806080067788	0.36539980895689245
SimpleFlight	1.722	3.1760099999999998	-0.9480540000000001	-30.8865	0.986884	0.10949400000000001	-0.11785599999999999	-0.0134594	4.27411	-2.68343	0.0229403	-0.033821300000000006	0.26314099999999996	0.7697109999999999	1.95468	1.92005	1.4802799999999998	-0.0335524	-0.093021	-5.545	0.682139	-0.00906845	270.62	0.686549	-0.00912708	271.493	3.73475	0.0496503	633.219	3.7335199999999995	0.0496339	633.114	img_SimpleFlight__0_1627900385733442900.png	0.671382649161735	0.3250149388971152
SimpleFlight	1.803	3.52845	-1.15913	-30.88	0.98836	0.104823	-0.109848	0.00947208	4.425730000000001	-2.52838	0.137457	-0.06947880000000001	0.256394	0.341646	1.7925	1.90631	1.3307	-0.506957	-0.107857	-4.90008	0.766256	-0.0101867	286.82	0.762675	-0.0101391	286.149	3.70879	0.0493053	631.015	3.71525	0.0493911	631.563	img_SimpleFlight__0_1627900385815079400.png	0.7943511184422187	0.28342299952569855
SimpleFlight	1.881	3.8789599999999997	-1.35058	-30.8654	0.9896389999999999	0.100841	-0.100872	0.0164541	4.55962	-2.38102	0.234959	-0.100709	0.245536	-0.00014780700000000002	1.63818	1.86621	1.18191	-1.12142	-0.0925459	-3.83995	1.00415	-0.0133493	328.339	0.993092	-0.0132023	326.526	3.5189800000000004	0.0467819	614.655	3.5360199999999997	0.0470083	616.141	img_SimpleFlight__0_1627900385898882500.png	0.8986864052172199	0.24562768383229636
SimpleFlight	1.962	4.25352	-1.5373700000000001	-30.8427	0.9911120000000001	0.09651010000000002	-0.0908462	0.0114038	4.68648	-2.23195	0.32157800000000003	-0.13408399999999998	0.229294	-0.25872399999999995	1.49084	1.80625	0.977901	-0.27318000000000003	-0.238664	-2.53967	1.31986	-0.017546400000000004	376.43199999999996	1.32235	-0.017579499999999998	376.787	3.25578	0.0432828	591.222	3.26349	0.0433853	591.9209999999999	img_SimpleFlight__0_1627900385983987800.png	0.9928760871624334	0.20885069864184
SimpleFlight	2.04	4.62344	-1.7060799999999998	-30.8147	0.9925149999999999	0.0913123	-0.0810743	-0.00160214	4.7963	-2.09537	0.396478	-0.200765	0.2133	-0.414944	1.32295	1.68415	0.9605819999999999	-0.871268	-0.236929	-1.55654	1.72603	-0.022946099999999997	430.474	1.72357	-0.0229134	430.168	2.9182099999999997	0.0387952	559.734	2.93586	0.0390298	561.424	img_SimpleFlight__0_1627900386065247300.png	1.267654528729627	0.01918427485167216
SimpleFlight	2.124	5.03081	-1.8763400000000001	-30.7781	0.9937950000000001	0.0831174	-0.0708365	-0.0210965	4.90056	-1.96068	0.473883	-0.263732	0.188853	-0.5073989999999999	1.16977	1.5256399999999999	0.8241940000000001	-0.924333	-0.312881	-0.6962649999999999	1.97745	-0.026288599999999995	460.76199999999994	1.9699200000000001	-0.0261884	459.88300000000004	2.62049	0.0348372	530.413	2.64741	0.035195	533.13	img_SimpleFlight__0_1627900386149986000.png	1.269060508092433	0.01211249113430641
SimpleFlight	2.262	5.71753	-2.13334	-30.7059	0.9946020000000001	0.0655142	-0.05602819999999999	-0.05775689999999999	5.04695	-1.77095	0.562701	-0.31966300000000003	0.139025	-0.5253770000000001	0.9547899999999999	1.21074	0.47082299999999994	0.42058999999999996	-0.391156	0.35546300000000003	2.4811099999999997	-0.0329842	516.114	2.48714	-0.0330644	516.741	2.31684	0.030800400000000002	498.736	2.33736	0.0310733	500.941	img_SimpleFlight__0_1627900386234349700.png	1.2437011812740795	0.0552270728940129
SimpleFlight	2.403	6.43806	-2.37215	-30.6237	0.9936860000000001	0.04503769999999999	-0.0443335	-0.0927038	5.16861	-1.62503	0.593853	-0.324535	0.0924079	-0.441309	0.767848	0.8469639999999999	0.030157999999999997	0.0453235	-0.287002	0.779767	2.62071	-0.0348401	530.435	2.63164	-0.03498540000000001	531.5409999999999	2.28741	0.0304091	495.55800000000005	2.30163	0.030598200000000002	497.097	img_SimpleFlight__0_1627900386437599000.png	1.1885979589110822	0.08808084183929203
SimpleFlight	2.475	6.812119999999999	-2.48713	-30.581	0.9927819999999999	0.0344755	-0.0396121	-0.107824	5.22058	-1.5711	0.589409	-0.315322	0.0743094	-0.383723	0.677142	0.65132	-0.160575	0.0417324	-0.22116	0.789728	2.72123	-0.036176400000000004	540.512	2.7244	-0.0362186	540.827	2.28918	0.0304327	495.751	2.30578	0.0306534	497.545	img_SimpleFlight__0_1627900386521706700.png	1.1516790628487452	0.10037684859477622
SimpleFlight	2.553	7.2213	-2.60791	-30.5357	0.9916459999999999	0.023202700000000003	-0.035235199999999994	-0.121897	5.26956	-1.52867	0.570992	-0.31705300000000003	0.05982130000000001	-0.32581	0.576091	0.434856	-0.26759099999999997	-0.13633499999999998	-0.143473	0.661872	2.75786	-0.0366634	544.138	2.76193	-0.0367175	544.54	2.34455	0.0311688	501.71	2.35602	0.0313212	502.935	img_SimpleFlight__0_1627900386604603000.png	1.336033313218116	0.2674341908830873
SimpleFlight	2.631	7.63398	-2.72606	-30.4921	0.9904059999999999	0.010923299999999999	-0.031216300000000002	-0.134175	5.3106	-1.50378	0.544517	-0.350356	0.0513389	-0.295404	0.47556899999999996	0.198708	-0.422634	-0.693138	-0.0736447	0.138191	2.7063	-0.0359779	539.0269999999999	2.71116	-0.0360426	539.511	2.4152099999999996	0.032108199999999996	509.215	2.4217299999999997	0.032194799999999996	509.901	img_SimpleFlight__0_1627900386688140100.png	1.2211480409495739	0.2738368372234361
SimpleFlight	2.709	8.05028	-2.84298	-30.4633	0.9889319999999999	-0.00225375	-0.0266572	-0.14593599999999998	5.36466	-1.4985	0.13355999999999998	-0.354699	0.0567909	-0.298582	0.601641	-0.11255699999999999	-5.3015	-0.850231	0.058104499999999996	-0.26887	4.037730000000001	-0.05367809999999999	658.4019999999999	3.96264	-0.05268	652.252	3.9926699999999995	0.05307919999999999	654.719	3.9841699999999998	0.05296619999999999	654.021	img_SimpleFlight__0_1627900386771376500.png	1.1033225764746037	0.2773932218659796
SimpleFlight	2.784	8.45391	-2.9559	-30.463	0.987099	-0.0148203	-0.0226456	-0.157805	5.394430000000001	-1.5155	-0.07463689999999999	-0.35476399999999997	0.05267	-0.32668600000000003	0.25399	-0.328332	-1.21469	0.5545859999999999	-0.033489	-0.464441	3.4270400000000003	-0.0455595	606.572	3.4523300000000003	-0.0458958	608.807	3.57516	0.0475287	619.5419999999999	3.55	0.04719419999999999	617.3580000000001	img_SimpleFlight__0_1627900386854520100.png	0.9887066081571697	0.2759004806647841
SimpleFlight	2.862	8.87528	-3.07533	-30.4713	0.984626	-0.027338499999999998	-0.0188257	-0.171495	5.4076	-1.54932	-0.128814	-0.340401	0.0483298	-0.370687	0.09622489999999999	-0.540303	-0.41554399999999997	-0.592414	0.014460299999999999	-0.6436029999999999	2.55491	-0.0339654	523.734	2.58177	-0.034322399999999996	526.479	2.85188	0.037913300000000004	553.336	2.83773	0.03772519999999999	551.961	img_SimpleFlight__0_1627900386937922800.png	0.8703722027716195	0.2707455109313406
SimpleFlight	2.94	9.29725	-3.19804	-30.4825	0.9814790000000001	-0.03908180000000001	-0.015329599999999999	-0.186914	5.41015	-1.59998	-0.156127	-0.306179	0.0444589	-0.41917200000000004	-0.0285719	-0.757795	-0.340292	0.024352900000000004	0.00496789	-0.6451979999999999	2.40611	-0.0319872	508.254	2.42715	-0.0322668	510.471	2.76344	0.036737599999999995	544.688	2.7524	0.0365908	543.599	img_SimpleFlight__0_1627900387020824600.png	0.7545209579863211	0.2622377634023534
SimpleFlight	3.015	9.70283	-3.32036	-30.4951	0.977784	-0.049367400000000006	-0.0123088	-0.203348	5.4037	-1.6641599999999999	-0.182087	-0.280889	0.0426216	-0.462081	-0.143275	-0.95029	-0.349392	1.23623	-0.11385899999999999	-0.47775200000000007	2.41708	-0.032133	509.411	2.42619	-0.032254200000000004	510.371	2.75126	0.0365756	543.486	2.74969	0.0365548	543.331	img_SimpleFlight__0_1627900387104558700.png	0.6469009350126188	0.2510290830354784
SimpleFlight	3.093	10.1076	-3.45301	-30.5083	0.9732190000000001	-0.059628	-0.00965636	-0.221802	5.38875	-1.72843	-0.06392959999999999	-0.320168	0.0146965	-0.496084	-0.22127	-0.507011	4.89151	1.11553	0.30912199999999995	-0.383984	2.46654	-0.0327905	514.597	2.48489	-0.0330346	516.508	2.7202900000000003	0.036164	540.419	2.71082	0.036038	539.4780000000001	img_SimpleFlight__0_1627900387188671800.png	0.5485119087741142	0.2393975297236996
SimpleFlight	3.174	10.5595	-3.59487	-30.4981	0.9676290000000001	-0.0709071	-0.00709028	-0.24210700000000002	5.36751	-1.7805900000000001	0.28079699999999996	-0.292825	0.033663599999999995	-0.52982	-0.338516	-1.0007	2.08723	-0.532166	0.258996	-0.514257	1.1624700000000001	-0.0154541	353.276	1.1709399999999999	-0.0155666	354.56	1.3434	0.017859299999999998	379.774	1.33855	0.017794900000000002	379.088	img_SimpleFlight__0_1627900387272590000.png	0.605941289875949	0.38654713782145217
SimpleFlight	3.279	11.1201	-3.7923	-30.4879	0.959199	-0.0827451	-0.00324374	-0.271266	5.30288	-2.00225	-0.177013	-0.232675	0.0579168	-0.580154	-0.6878270000000001	-2.05015	-3.4409199999999998	-0.523637	0.0243209	-0.46135600000000004	3.37325	-0.0448445	601.793	3.3655699999999995	-0.0447424	601.1080000000001	3.6372400000000003	0.048354	624.898	3.64304	0.0484311	625.395	img_SimpleFlight__0_1627900387355129600.png	0.39198766377046174	0.34582956635299367
SimpleFlight	3.411	11.8146	-4.0709	-30.5196	0.9461629999999999	-0.0975818	0.00102083	-0.308631	5.2251	-2.1882200000000003	-0.07481130000000001	-0.243773	0.0425792	-0.620743	-0.47131000000000006	-0.8014399999999999	4.95195	0.628113	0.459574	-0.181729	2.80669	-0.037312599999999994	548.934	2.7864299999999997	-0.0370432	546.9490000000001	3.00049	0.0398889	567.569	3.0189999999999997	0.040135000000000004	569.318	img_SimpleFlight__0_1627900387520008600.png	0.1527950962213181	0.3102593010039364
SimpleFlight	3.489	12.2204	-4.24482	-30.5141	0.9373940000000001	-0.106018	0.00317893	-0.331728	5.1742	-2.2843400000000003	0.153531	-0.22197199999999997	0.047517000000000004	-0.625818	-0.8562620000000001	-1.69103	0.82683	-0.643559	0.119067	-0.00468524	1.7804400000000002	-0.0236695	437.207	1.8133299999999999	-0.024106700000000002	441.227	1.8585	0.0247072	446.68800000000005	1.82708	0.0242894	442.89599999999996	img_SimpleFlight__0_1627900387600940000.png	0.021498883746086998	0.2911066738586804
SimpleFlight	3.567	12.6212	-4.42859	-30.5013	0.92822	-0.112614	0.00499576	-0.354544	5.0977	-2.4321099999999998	0.15843	-0.171757	0.053919100000000005	-0.615737	-1.0830799999999998	-2.0346599999999997	-0.40639000000000003	0.62765	0.0911559	0.207006	2.5021299999999997	-0.0332638	518.297	2.51491	-0.0334336	519.618	2.47686	0.0329277	515.672	2.4645200000000003	0.0327637	514.386	img_SimpleFlight__0_1627900387683681100.png	0.09906008972633279	0.261698420796725
SimpleFlight	3.645	13.0146	-4.62628	-30.4984	0.9191799999999999	-0.114799	0.00638455	-0.376682	4.980519999999999	-2.65465	-0.168124	-0.0957596	0.0806539	-0.592659	-1.70818	-3.16783	-5.718319999999999	0.80505	-0.3509	0.414285	3.3334900000000003	-0.0443159	598.236	3.4017	-0.0452227	604.325	3.2938400000000003	0.0437888	594.6669999999999	3.16685	0.042100599999999995	583.092	img_SimpleFlight__0_1627900387767030500.png	0.20422829659995903	0.21715543739132567
SimpleFlight	3.723	13.3992	-4.84012	-30.5153	0.909847	-0.118835	0.00808767	-0.397481	4.89765	-2.79095	-0.0897774	-0.133892	0.06157819999999999	-0.560383	-0.8326309999999999	-1.20698	3.63772	2.11404	0.9098629999999999	0.340623	4.000430000000001	-0.053182299999999995	655.354	4.039540000000001	-0.0537023	658.55	3.80671	0.050607	639.29	3.75235	0.0498843	634.7090000000001	img_SimpleFlight__0_1627900387849863800.png	0.09603941852516278	0.34597895284908114
SimpleFlight	3.801	13.7781	-5.06246	-30.5157	0.9004030000000001	-0.12336199999999999	0.010245	-0.417074	4.81149	-2.91958	0.0405133	-0.143645	0.07095950000000001	-0.5366920000000001	-1.31148	-1.9472	0.383465	-1.37366	0.138932	0.202456	2.07709	-0.027613099999999998	472.226	2.00961	-0.0267161	464.49300000000005	1.8365	0.0244147	444.036	1.91977	0.025521799999999997	453.99199999999996	img_SimpleFlight__0_1627900387934153000.png	0.23975895982527964	0.318538356884185
SimpleFlight	3.879	14.1492	-5.29634	-30.5122	0.8909030000000001	-0.127218	0.012591799999999998	-0.435832	4.70068	-3.07919	0.0401089	-0.127304	0.0790557	-0.5204489999999999	-1.5008700000000001	-2.0919	-0.169215	1.57703	0.017385400000000002	0.252974	2.58153	-0.034319300000000004	526.456	2.58696	-0.034391399999999996	527.009	2.47158	0.0328575	515.122	2.46581	0.032780800000000006	514.52	img_SimpleFlight__0_1627900388016740700.png	0.37005270411598756	0.28401943525565143
SimpleFlight	3.957	14.5111	-5.54296	-30.5099	0.881383	-0.129945	0.014824200000000003	-0.45393599999999995	4.57808	-3.24438	0.018475	-0.100523	0.0862915	-0.50671	-1.62259	-2.11152	-0.259216	0.364241	0.0812658	0.18815	2.67422	-0.0355515	535.823	2.7089999999999996	-0.0360139	539.297	2.5745	0.0342258	525.738	2.54167	0.0337893	522.375	img_SimpleFlight__0_1627900388100024000.png	0.4850767453874488	0.24741223321543587
SimpleFlight	4.032	14.8498	-5.79219	-30.5091	0.87226	-0.131501	0.016778599999999998	-0.470733	4.45365	-3.4010000000000002	0.00372658	-0.07069489999999999	0.091664	-0.491087	-1.70019	-2.07238	-0.179546	0.591152	0.0599885	0.198321	2.69054	-0.0357685	537.456	2.68664	-0.0357166	537.066	2.59449	0.0344915	527.775	2.5954900000000003	0.034504900000000005	527.877	img_SimpleFlight__0_1627900388184607800.png	0.5807643088508471	0.21176218419522644
SimpleFlight	4.11	15.192	-6.063680000000001	-30.5091	0.862906	-0.13198900000000002	0.0185291	-0.487471	4.319369999999999	-3.5592900000000003	-0.00188635	-0.0359834	0.09537489999999998	-0.47065	-1.73541	-1.9787400000000002	0.056052199999999996	0.8096479999999999	0.00459939	0.367489	2.67338	-0.035540300000000004	535.739	2.6515	-0.0352494	533.5419999999999	2.5398	0.033764499999999996	522.183	2.55717	0.0339954	523.966	img_SimpleFlight__0_1627900388266285700.png	0.6646565796380155	0.1747154397073908
SimpleFlight	4.185	15.511	-6.33615	-30.5091	0.854202	-0.131394	0.0199019	-0.502671	4.1874400000000005	-3.70539	0.00359916	-0.015757499999999997	0.0985888	-0.443863	-1.77342	-1.9074099999999998	0.124824	-0.041442	0.0505781	0.389148	2.65165	-0.0352515	533.558	2.66315	-0.0354043	534.7130000000001	2.4666200000000003	0.0327917	514.606	2.45398	0.032623599999999996	513.285	img_SimpleFlight__0_1627900388348526100.png	0.7302709729359	0.13953846643355108
SimpleFlight	4.263	15.8323	-6.63088	-30.5083	0.8456299999999999	-0.129767	0.021033	-0.517328	4.0487400000000004	-3.8502300000000003	0.019081599999999997	0.0126397	0.100393	-0.40879899999999997	-1.79118	-1.8185799999999999	0.203801	-0.375848	0.046289699999999996	0.44349700000000003	2.64699	-0.0351895	533.089	2.64704	-0.0351902	533.094	2.43253	0.0323384	511.036	2.43033	0.032309199999999996	510.806	img_SimpleFlight__0_1627900388432580600.png	0.5462542109560191	0.2607452849972988
SimpleFlight	4.341	16.1426	-6.9366699999999994	-30.5062	0.837519	-0.12801300000000002	0.022409900000000003	-0.530728	3.90755	-3.98961	0.032363	-0.00677383	0.103197	-0.37900700000000004	-1.82496	-1.74863	0.174209	0.8538709999999999	-0.0235054	0.342622	2.6505099999999997	-0.035236300000000005	533.443	2.62317	-0.0348728	530.684	2.4138	0.0320894	509.065	2.43717	0.0324	511.523	img_SimpleFlight__0_1627900388514639400.png	0.6510536178506064	0.22522874568674783
SimpleFlight	4.419	16.4418	-7.25315	-30.5034	0.8296209999999999	-0.126532	0.024180700000000003	-0.543263	3.7627	-4.1243099999999995	0.0397698	-0.013316999999999999	0.10428699999999999	-0.362806	-1.87495	-1.68947	0.0948057	-0.0164448	0.00495458	0.15457	2.6122	-0.034727	529.5740000000001	2.59935	-0.034556199999999995	528.27	2.49653	0.0331892	517.716	2.5076400000000003	0.033337	518.867	img_SimpleFlight__0_1627900388598300900.png	0.7408032092640462	0.1898027279302904
SimpleFlight	4.497	16.7295	-7.579910000000001	-30.5	0.821816	-0.124911	0.025952499999999996	-0.555286	3.6153	-4.25298	0.0479479	-0.00585949	0.10401099999999999	-0.353614	-1.90727	-1.6130000000000002	0.0927076	-0.7270220000000001	0.030351099999999995	0.045956300000000005	2.57964	-0.034294099999999994	526.263	2.58019	-0.0343014	526.319	2.50772	0.033338099999999996	518.875	2.50737	0.0333334	518.839	img_SimpleFlight__0_1627900388681007800.png	0.8153761535421356	0.15475179547505663
SimpleFlight	4.575	17.004	-7.918089999999999	-30.5051	0.814265	-0.120921	0.027158699999999997	-0.56711	3.4329400000000003	-4.4069199999999995	-0.125462	-0.0935577	0.0716465	-0.345806	-1.21465	-0.874365	3.7438300000000004	0.725915	-1.3901700000000001	0.193107	3.55799	-0.0473005	618.053	3.6463400000000004	-0.048475	625.679	3.67271	0.0488255	627.937	3.46613	0.0460792	610.0219999999999	img_SimpleFlight__0_1627900388763500500.png	0.8727273140416949	0.11201838498998554
SimpleFlight	4.653	17.2674	-8.26501	-30.5068	0.8065359999999999	-0.119449	0.028565499999999997	-0.578287	3.3151300000000004	-4.49337	0.0484233	0.0143363	0.0914669	-0.333963	-1.72501	-1.26211	1.12968	2.44462	0.243508	0.20765999999999998	1.8273599999999999	-0.0242932	442.93	1.88989	-0.0251244	450.444	1.86917	0.024849	447.968	1.7178099999999998	0.0228368	429.44800000000004	img_SimpleFlight__0_1627900388846080400.png	0.916047531261303	0.08585726692178063
SimpleFlight	4.731	17.5206	-8.61943	-30.5006	0.799146	-0.11678599999999999	0.029380400000000004	-0.588951	3.17408	-4.59454	0.101995	0.0404238	0.0940023	-0.31650500000000004	-1.8566	-1.30138	0.41873599999999994	-0.19295299999999999	0.030497700000000003	0.25149299999999997	2.40233	-0.031936900000000004	507.85400000000004	2.38802	-0.031746699999999996	506.34	2.27915	0.0302993	494.663	2.2864400000000002	0.030396199999999998	495.45300000000003	img_SimpleFlight__0_1627900388929526000.png	0.9467520795691362	0.054771337583643505
SimpleFlight	4.806	17.7525	-8.96837	-30.4967	0.792654	-0.111491	0.0291586	-0.598681	2.9897099999999996	-4.72584	-0.11319100000000001	0.136209	0.130712	-0.29420100000000005	-2.94465	-2.10015	-5.74903	-4.96611	-1.4598799999999998	0.33013899999999996	2.5381099999999996	-0.033742	522.009	2.5340700000000003	-0.033688300000000004	521.594	2.39067	0.031782	506.621	2.39522	0.03184240000000001	507.102	img_SimpleFlight__0_1627900389011564800.png	0.9621586845108664	0.014288815319652877
SimpleFlight	4.884	17.9785	-9.34195	-30.5142	0.786263	-0.10732	0.0293347	-0.607793	2.83989	-4.82456	-0.14072300000000001	-0.015451499999999998	0.06363869999999999	-0.265234	-0.9361700000000001	-0.481811	4.98177	4.9587	1.00227	0.352954	3.82685	-0.050874800000000005	640.979	3.86941	-0.051440599999999996	644.534	3.6644300000000003	0.048715499999999995	627.229	3.62681	0.0482154	624.001	img_SimpleFlight__0_1627900389093080300.png	0.7502806569103535	0.13931959753046622
SimpleFlight	4.959	18.1885	-9.70538	-30.5126	0.780399	-0.10519	0.0301705	-0.615632	2.75217	-4.87239	0.134995	0.0246555	0.0795338	-0.24791999999999997	-1.50578	-0.862497	1.81089	0.280981	0.21722800000000003	0.116974	1.34405	-0.017868000000000002	379.866	1.34459	-0.017875099999999998	379.94199999999995	1.2082700000000002	0.016063	360.168	1.17353	0.0156011	354.952	img_SimpleFlight__0_1627900389175320700.png	0.805216718913281	0.12147382826496689
SimpleFlight	5.037	18.3982	-10.0883	-30.4985	0.774461	-0.103068	0.0312337	-0.623387	2.62239	-4.94621	0.20719400000000002	0.0130566	0.0801699	-0.242725	-1.76735	-0.988431	0.34752	-0.200543	-0.00340686	-0.00516294	2.27109	-0.030192200000000002	493.788	2.244	-0.029832099999999997	490.834	2.20188	0.0292721	486.20599999999996	2.2307799999999998	0.0296563	489.38599999999997	img_SimpleFlight__0_1627900389257359000.png	0.8524171169596557	0.09480133636627566
SimpleFlight	5.115	18.5957	-10.4782	-30.491	0.768691	-0.09856310000000001	0.031451799999999995	-0.6311979999999999	2.42365	-5.06126	-0.11304700000000001	0.0543063	0.0968846	-0.24391500000000002	-2.7336099999999997	-1.55535	-5.38174	0.545701	-0.536879	-0.00473336	3.5253400000000004	-0.046866500000000005	615.211	3.6024199999999995	-0.0478911	621.899	3.66563	0.0487314	627.332	3.492	0.0464232	612.294	img_SimpleFlight__0_1627900389339648900.png	0.8856750543514885	0.053896370233487326
SimpleFlight	5.19	18.7708	-10.8614	-30.509	0.763029	-0.0944581	0.0315379	-0.6386470000000001	2.2612	-5.14799	-0.286839	0.029863	0.0782651	-0.244339	-1.05398	-0.43393999999999994	3.9574300000000004	-6.40337	-2.2596	0.00348321	3.5048199999999996	-0.046593699999999995	613.4169999999999	3.53336	-0.0469731	615.91	3.5495400000000004	0.04718819999999999	617.318	3.5055199999999997	0.0466029	613.479	img_SimpleFlight__0_1627900389421452300.png	0.9008020692119127	0.021170376031459923
SimpleFlight	5.271	18.951	-11.2795	-30.5164	0.7566470000000001	-0.0932095	0.0324335	-0.646332	2.18813	-5.17446	0.105553	0.00728193	0.060513599999999994	-0.23921900000000001	-1.0076200000000002	-0.375996	4.22253	0.528245	-0.14116099999999998	0.08718569999999999	1.2536399999999999	-0.016666099999999996	366.86800000000005	1.27788	-0.016988299999999998	370.397	1.2600799999999999	0.0167517	367.809	1.23956	0.0164789	364.801	img_SimpleFlight__0_1627900389503655600.png	0.9072852178986018	0.007367054155839094
SimpleFlight	5.346	19.1116	-11.669	-30.5006	0.750969	-0.0910377	0.0325864	-0.65322	2.08775	-5.21593	0.2755	0.0452871	0.0625604	-0.22905	-1.54677	-0.656181	0.993073	0.832415	0.00221994	0.182677	1.97833	-0.0263002	460.86300000000006	1.97711	-0.026284	460.721	1.89969	0.025254699999999998	451.61	1.89705	0.0252197	451.29699999999997	img_SimpleFlight__0_1627900389586401100.png	0.9066050739137111	0.01196497476579208
SimpleFlight	5.421	19.2627	-12.0626	-30.4841	0.745754	-0.0864593	0.031546	-0.659834	1.9215400000000002	-5.29157	0.0393723	0.114176	0.08750989999999999	-0.21381599999999998	-2.6411700000000002	-1.22177	-6.064	-3.4577	-1.1307200000000002	0.229717	2.41927	-0.0321621	509.642	2.42353	-0.0322188	510.091	2.31402	0.030763	498.43300000000005	2.30911	0.030697700000000005	497.904	img_SimpleFlight__0_1627900389667945600.png	0.6450726220516318	0.11270629017243966
SimpleFlight	5.496	19.4004	-12.4624	-30.493000000000002	0.740858	-0.08207919999999999	0.0307017	-0.66592	1.7604	-5.36172	-0.211745	0.070409	0.0742374	-0.19917200000000002	-1.77729	-0.717734	-1.28893	0.628371	-0.198397	0.14661300000000002	3.71414	-0.049376300000000005	631.469	3.73403	-0.0496408	633.158	3.6152800000000003	0.048062	623.008	3.59029	0.0477298	620.852	img_SimpleFlight__0_1627900389749752800.png	0.6856365036208025	0.08161908930266464
SimpleFlight	5.577	19.538	-12.8986	-30.5095	0.735524	-0.07999289999999999	0.0312087	-0.672035	1.65477	-5.3987300000000005	-0.0810415	-0.0367504	0.0355367	-0.196654	-0.785371	-0.17869100000000002	4.93203	3.9402199999999996	0.829686	-0.012500200000000001	2.7239	-0.036212	540.778	2.70372	-0.035943699999999995	538.771	2.68629	0.035712	537.031	2.7065200000000003	0.0359809	539.049	img_SimpleFlight__0_1627900389831234900.png	0.7176057369535755	0.06179996181922388
SimpleFlight	5.655	19.6646	-13.3203	-30.5004	0.729996	-0.0791893	0.032191500000000005	-0.678085	1.58395	-5.415769999999999	0.272982	0.0014005	0.04915630000000001	-0.20252799999999999	-1.16458	-0.335215	2.52167	-0.112176	0.11001300000000001	-0.101097	1.25406	-0.0166717	366.93	1.24014	-0.016486599999999997	364.88699999999994	1.25536	0.0166889	367.119	1.26579	0.016827599999999998	368.64099999999996	img_SimpleFlight__0_1627900389913998800.png	0.7422638589378857	0.048914809372560424
SimpleFlight	5.733	19.7834	-13.7443	-30.482	0.724769	-0.0766212	0.032216	-0.68396	1.43612	-5.46713	0.0707439	0.0550903	0.07133060000000001	-0.210639	-2.4496900000000004	-0.8780049999999999	-5.99274	-3.2401400000000002	-0.974578	-0.107026	2.06553	-0.0274595	470.911	2.05512	-0.0273211	469.723	2.12	0.0281836	477.08	2.13267	0.028352	478.50300000000004	img_SimpleFlight__0_1627900389996733100.png	0.7588005712062252	0.021259715764293224
SimpleFlight	5.91	20.0083	-14.7213	-30.5082	0.7116859999999999	-0.0706021	0.0316733	-0.6982229999999999	1.1381	-5.55556	-0.16150699999999998	-0.014726300000000001	0.034985300000000004	-0.21561599999999997	-0.7566510000000001	-0.0912822	4.6799599999999995	-5.5481300000000005	-1.68215	0.0745378	1.52011	-0.0202085	403.98	1.43892	-0.0191292	393.04400000000004	1.36693	0.0181722	383.086	1.53189	0.0203652	405.543	img_SimpleFlight__0_1627900390077840400.png	0.7494104458164399	0.0335572863501102
SimpleFlight	6.051	20.1607	-15.5056	-30.4879	0.701521	-0.0681605	0.0314543	-0.708684	0.988676	-5.58249	0.198184	0.10796199999999999	0.0705181	-0.19306500000000001	-2.29694	-0.630271	-6.25772	-1.36172	0.059040800000000004	0.117345	1.2976299999999998	-0.017250900000000003	373.249	1.30772	-0.017385	374.69699999999995	1.20607	0.0160337	359.84	1.20392	0.016005000000000002	359.51800000000003	img_SimpleFlight__0_1627900390320975400.png	0.5128311753701342	0.09674567580737091
SimpleFlight	6.129	20.2316	-15.9427	-30.4868	0.696335	-0.06531569999999999	0.0310524	-0.714063	0.8394780000000001	-5.61941	-0.0998655	0.0324182	0.05634680000000001	-0.187911	-1.57534	-0.33566999999999997	-1.5919	-1.09551	-0.15040699999999999	-0.0251217	3.8733699999999995	-0.0514932	644.863	3.83931	-0.0510404	642.0219999999999	3.76936	0.050110400000000006	636.146	3.83925	0.0510395	642.016	img_SimpleFlight__0_1627900390402573200.png	0.5492181435891744	0.0697525157149798
SimpleFlight	6.204	20.2904	-16.365	-30.4971	0.691185	-0.0636613	0.031628500000000004	-0.719173	0.730358	-5.64013	-0.159662	-0.00243273	0.056001	-0.195148	-1.3834	-0.23317800000000002	-0.32821500000000003	-0.369931	0.0068488	-0.167495	2.79825	-0.0372004	548.109	2.8007299999999997	-0.037233300000000004	548.351	2.81411	0.037411099999999996	549.659	2.81609	0.0374375	549.852	img_SimpleFlight__0_1627900390483598700.png	0.5747036066868155	0.05023669396672815
SimpleFlight	6.282	20.3439	-16.8053	-30.5048	0.68523	-0.064551	0.034066	-0.7246600000000001	0.655317	-5.64691	0.057759000000000005	-0.0802039	0.0361209	-0.214892	-0.687914	0.00997171	4.90801	1.7322400000000002	0.947469	-0.369894	2.51753	-0.0334684	519.889	2.50837	-0.033346600000000004	518.942	2.62463	0.0348923	530.832	2.63158	0.0349846	531.534	img_SimpleFlight__0_1627900390566642700.png	0.5934931441925678	0.036992174939960716
SimpleFlight	6.357	20.3909	-17.2289	-30.4881	0.678678	-0.0658449	0.037085400000000004	-0.730538	0.57803	-5.65156	0.25990100000000005	0.014837799999999998	0.0831066	-0.247288	-2.26452	-0.345425	-5.52653	5.67963	1.5337100000000001	-0.463042	1.16905	-0.0155415	354.274	1.1072899999999999	-0.014720500000000001	344.789	1.33491	0.017746400000000002	378.57199999999995	1.4041	0.018666299999999997	388.259	img_SimpleFlight__0_1627900390649078300.png	0.6071129859277071	0.023383724863279578
SimpleFlight	6.435	20.4294	-17.6706	-30.483	0.670673	-0.06513250000000001	0.0397739	-0.7378170000000001	0.414991	-5.67165	-0.076387	-0.077917	0.0832827	-0.299404	-1.8028099999999998	-0.14840799999999998	-2.21838	-2.33073	0.115908	-0.792952	3.4792	-0.046252999999999996	611.1709999999999	3.48749	-0.0463633	611.899	3.82464	0.0508453	640.794	3.8354699999999995	0.0509893	641.7	img_SimpleFlight__0_1627900390731088800.png	0.6108389206934463	0.005500615552012554
SimpleFlight	6.51	20.4556	-18.0963	-30.4931	0.660983	-0.0661428	0.0445149	-0.746154	0.28694400000000003	-5.67788	-0.17643399999999998	-0.15470699999999998	0.10155700000000001	-0.369529	-1.68288	-0.0284079	-0.879547	-2.01346	0.631084	-1.15478	2.7201400000000002	-0.036162	540.404	2.68135	-0.0356463	536.5369999999999	3.16811	0.0421173	583.207	3.1994	0.0425333	586.08	img_SimpleFlight__0_1627900390814133100.png	0.6035581177859101	0.02804560228151073
SimpleFlight	6.591	20.4734	-18.5561	-30.5089	0.647288	-0.06987639999999999	0.0539581	-0.757116	0.164827	-5.67403	-0.130994	-0.55066	0.0980068	-0.477329	-0.845521	0.154444	4.89115	-8.134139999999999	-0.26037899999999997	-1.6522299999999999	2.40727	-0.032002499999999996	508.376	2.34635	-0.031192700000000004	501.903	3.06665	0.0407684	573.7919999999999	3.0878099999999997	0.0410499	575.769	img_SimpleFlight__0_1627900390896920500.png		
SimpleFlight	6.666	20.4833	-18.9812	-30.5048	0.629645	-0.0795679	0.07204160000000001	-0.769432	0.09534930000000001	-5.65942	0.240006	-0.657022	0.23387399999999997	-0.632722	-1.01793	0.24496199999999999	4.96	-0.365773	2.23767	-2.59828	0.710386	-0.00944397	276.166	0.904826	-0.0120289	311.678	1.83435	0.024386099999999997	443.776	1.56708	0.020833	410.175	img_SimpleFlight__0_1627900390980199800.png		
SimpleFlight	6.75	20.485	-19.4552	-30.4769	0.601716	-0.08364210000000001	0.0963621	-0.788452	-0.08946080000000001	-5.6185	0.29034099999999996	-0.632683	0.569412	-0.89566	-2.85637	0.767413	-1.5592700000000002	-14.9341	5.84973	-4.05699	2.08613	-0.027733299999999995	473.25300000000004	1.6243100000000001	-0.021593900000000003	417.598	3.98789	0.053015599999999996	654.327	4.17888	0.055554599999999996	669.812	img_SimpleFlight__0_1627900391063455900.png		
SimpleFlight	6.861	20.4558	-20.0716	-30.455	0.53896	-0.0751712	0.171255	-0.821306	-0.453879	-5.45478	0.103147	-1.40398	1.9305400000000001	-1.31987	-3.78873	2.58888	-1.85558	3.6690199999999997	6.54841	-3.27374	2.03335	-0.027031700000000002	467.228	1.8102	-0.0240651	440.846	4.17941	0.0555617	669.8539999999999	4.13352	0.05495169999999999	666.1669999999999	img_SimpleFlight__0_1627900391185631600.png		
SimpleFlight	6.936	20.4131	-20.4729	-30.4474	0.480235	-0.00456497	0.203475	-0.8532	-0.674829	-5.219130000000001	0.07634529999999999	0.35533400000000004	2.48548	-1.23888	-2.52731	4.3129599999999995	-1.5588799999999998	-12.1664	-1.3317	3.50391	0.790022	-0.0105027	291.23400000000004	2.34337	-0.0311531	501.584	4.17769	0.055538800000000006	669.717	1.56041	0.020744299999999997	409.301	img_SimpleFlight__0_1627900391268767000.png		
