Vehicle2Name	TimeStamp	POS_X	POS_Y	POS_Z	Q_W	Q_X	Q_Y	Q_Z	v_X	v_Y	v_Z	av_X	av_Y	av_Z	a_X	a_Y	a_Z	aa_X	aa_Y	aa_Z	thrust0	torque0	speed0	thrust1	torque1	speed1	thrust2	torque2	speed2	thrust3	torque3	speed3	ImageImageFile	ctes	Theta_e
SimpleFlight	0.0	-0.0103747	-5.13255	-30.439	0.993767	0.107797	-0.00406188	0.0281199	0.00120876	0.08709270000000001	0.049899400000000003	2.45118	-0.119405	0.504984	0.0223047	2.23727	-0.752765	-2.15327	-0.222031	5.20604	2.88789	-0.0383921	556.818	4.17715	-0.0555316	669.673	1.11875	0.014872799999999999	346.569	0.0033854999999999996	4.50073e-05	19.0649	img_SimpleFlight__0_1627900280496130700.png	5.117542050832415	1.6354580294030732
SimpleFlight	0.081	-0.0102244	-5.11607	-30.4369	0.9813149999999999	0.183806	-0.0108245	0.05584159999999999	0.00231783	0.34533800000000003	-0.00156377	1.39954	-0.150635	0.889495	0.00856027	4.08231	-0.843442	-8.8737	-0.117278	4.4471	4.17909	-0.05555740000000001	669.829	3.82939	-0.050908499999999995	641.192	1.1593799999999999	0.015413	352.806	1.59545	0.021210200000000002	413.871	img_SimpleFlight__0_1627900280581524400.png	5.101101060770404	1.6426244716808964
SimpleFlight	0.162	-0.0100197	-5.07322	-30.44	0.969276	0.224867	-0.0224314	0.09713630000000001	0.00257321	0.72842	-0.07660349999999999	0.640814	-0.13331600000000002	1.2207299999999999	-0.00209113	5.26532	-0.991732	-10.912	0.49115200000000003	3.7248699999999997	4.17945	-0.0555622	669.857	4.02079	-0.053453	657.02	1.6639400000000002	0.022120599999999997	422.661	1.87802	0.0249666	449.027	img_SimpleFlight__0_1627900280666760300.png	5.058367092443045	1.6458035667416078
SimpleFlight	0.24	-0.0098121	-4.99955	-30.4496	0.9596020000000001	0.23660100000000003	-0.037151199999999995	0.14765999999999999	0.00302282	1.1691799999999999	-0.17536	0.10588099999999999	-0.0670018	1.4890700000000001	0.0182467	5.95174	-1.53552	-4.66739	1.09933	3.12213	4.17945	-0.0555622	669.857	4.02022	-0.053445400000000004	656.9730000000001	2.0882099999999997	0.027761	473.49	2.23686	0.0297371	490.05199999999996	img_SimpleFlight__0_1627900280752744800.png	4.984907904358652	1.6467507300547124
SimpleFlight	0.327	-0.00942716	-4.8749	-30.4713	0.9473799999999999	0.23126100000000002	-0.054792099999999996	0.21444699999999997	0.006484899999999999	1.70016	-0.333636	-0.17263399999999998	0.0399373	1.73527	0.0632473	6.2068	-2.12608	-1.97511	1.30955	2.52504	4.17945	-0.0555622	669.857	4.0728	-0.054144399999999995	661.2560000000001	2.51008	0.0333694	519.119	2.55442	0.0339589	523.684	img_SimpleFlight__0_1627900280839192300.png	4.860611956664508	1.6455218735652366
SimpleFlight	0.405	-0.00868504	-4.72337	-30.5044	0.9319379999999999	0.21748299999999998	-0.0697166	0.28165999999999997	0.013092500000000002	2.1848400000000003	-0.520709	-0.27131500000000003	0.13932999999999998	1.9125400000000001	0.105206	6.192069999999999	-2.67288	-1.1866700000000001	0.5614140000000001	2.03229	4.17945	-0.0555622	669.857	4.1044	-0.054564499999999995	663.816	2.8252200000000003	0.0375589	550.744	2.8167	0.037445599999999996	549.9119999999999	img_SimpleFlight__0_1627900280924757500.png	4.709490847019805	1.6433437852093071
SimpleFlight	0.486	-0.00721937	-4.52655	-30.5551	0.908278	0.202449	-0.0874505	0.355526	0.024353599999999996	2.67367	-0.735855	-0.305733	0.040953199999999995	2.05593	0.206125	6.10286	-3.03154	-1.32899	0.839108	1.5843399999999999	3.79225	-0.0504147	638.075	4.17269	-0.05547230000000001	669.316	3.00806	0.0399895	568.285	2.98535	0.03968769999999999	566.136	img_SimpleFlight__0_1627900281012799700.png	4.513162582251616	1.6402277166982462
SimpleFlight	0.567	-0.00437099	-4.29084	-30.6235	0.877444	0.180637	-0.107607	0.431142	0.047322300000000005	3.11366	-0.891819	-0.406062	0.0793548	2.17513	0.313606	3.9921699999999998	0.876394	0.506215	1.7009400000000001	1.31425	4.17624	-0.055519500000000006	669.6	4.16944	-0.055429099999999995	669.055	3.3810300000000004	0.044947900000000006	602.487	3.32522	0.044206	597.494	img_SimpleFlight__0_1627900281099117500.png	4.277955716198291	1.6341390256337045
SimpleFlight	0.651	0.000736013	-4.01786	-30.69	0.8372450000000001	0.150687	-0.128113	0.5098050000000001	0.0753635	3.36636	-0.6561670000000001	-0.504297	0.16102	2.26557	0.394298	2.54453	3.59079	0.973108	1.94345	0.369151	2.6478900000000003	-0.0352015	533.179	2.5802099999999997	-0.0343018	526.321	1.99089	0.026467200000000003	462.324	1.92429	0.0255818	454.526	img_SimpleFlight__0_1627900281187434300.png	4.005416531598562	1.6269526448315383
SimpleFlight	0.735	0.00864313	-3.72674	-30.7316	0.791369	0.114678	-0.145271	0.582649	0.11608299999999999	3.5618199999999995	-0.3354	-0.562529	0.28215300000000004	2.0164	0.622254	2.29395	3.5685599999999997	2.06503	1.84571	-5.716880000000001	1.43992	-0.0191425	393.18	1.4006399999999999	-0.018620400000000002	387.781	2.20166	0.029269200000000002	486.181	2.0838900000000002	0.027703500000000002	472.999	img_SimpleFlight__0_1627900281273912400.png	3.7145735721525397	1.6167567521824528
SimpleFlight	0.816	0.0206605	-3.43011	-30.7496	0.7530100000000001	0.0771945	-0.155815	0.634616	0.18675999999999998	3.76421	-0.125082	-0.612921	0.407669	1.4321	1.0653	2.43788	2.30297	0.439154	1.4450399999999999	-7.5389800000000005	0.048523500000000004	-0.000645079	72.1771	0.00563577	-7.49228e-05	24.598000000000003	3.79742	0.0504834	638.509	3.7028800000000004	0.0492267	630.512	img_SimpleFlight__0_1627900281361018800.png	3.4179151114640547	1.599762133653064
SimpleFlight	0.891	0.038009100000000004	-3.1411700000000002	-30.7527	0.729194	0.041378899999999996	-0.160891	0.663836	0.280416	3.9369400000000003	0.0393981	-0.6559189999999999	0.530459	0.867763	1.44075	2.15378	2.09579	-1.6858400000000002	1.9941799999999998	-7.514410000000001	0.06357259999999999	-0.0008451439999999999	82.6148	0.0006862130000000001	-9.12262e-06	8.583269999999999	4.1794400000000005	0.055562099999999996	669.857	4.12217	0.054800800000000004	665.252	img_SimpleFlight__0_1627900281447204900.png	3.128504661587061	1.5782293369458709
SimpleFlight	0.972	0.06589600000000001	-2.81567	-30.7427	0.718437	0.00137845	-0.162328	0.676384	0.41412	4.09439	0.20768000000000003	-0.699047	0.676089	0.25909499999999996	1.8860400000000002	1.7398099999999999	1.97965	-1.68983	2.3821	-7.48429	0.0971041	-0.00129092	102.104	0.00279781	-3.71945e-05	17.3313	4.17945	0.0555622	669.857	4.14153	0.0550582	666.812	img_SimpleFlight__0_1627900281535421000.png	2.801820088500275	1.5485356671177937
SimpleFlight	1.056	0.10798900000000002	-2.46615	-30.7186	0.72433	-0.0411695	-0.16029200000000002	0.669297	0.6003229999999999	4.2230300000000005	0.345387	-0.72834	0.803654	-0.343265	2.7558599999999998	1.40992	0.63436	-1.39614	2.12143	-6.2157	0.0159231	-0.00021168400000000001	41.3463	0.06405419999999999	-0.000851546	82.9272	4.17945	0.0555622	669.857	4.1279699999999995	0.0548779	665.72	img_SimpleFlight__0_1627900281621668800.png	2.450074963297399	1.5081276807421986
SimpleFlight	1.137	0.166911	-2.11995	-30.6906	0.743117	-0.0821926	-0.156033	0.645504	0.86916	4.31689	0.323923	-0.7365109999999999	0.900543	-0.773179	3.8071699999999997	0.811702	-0.8728959999999999	-0.062319900000000004	1.2813	-4.67252	1.02463	-0.0136215	331.67	0.982449	-0.013060800000000001	324.772	4.17945	0.0555622	669.857	4.16545	0.055376199999999993	668.735	img_SimpleFlight__0_1627900281706570000.png	2.100319215520514	1.4506530404787408
SimpleFlight	1.218	0.250646	-1.7686099999999998	-30.6679	0.770109	-0.12226600000000001	-0.149739	0.607915	1.20836	4.34469	0.230217	-0.7072970000000001	0.9698559999999999	-1.12287	4.54671	-0.163804	-1.4097	3.19309	-1.8778400000000002	-3.9611699999999996	1.6307399999999999	-0.021679300000000002	418.423	1.7367400000000002	-0.023088400000000002	431.80699999999996	4.17645	0.055522300000000004	669.617	4.17906	0.055557100000000005	669.827	img_SimpleFlight__0_1627900281793870300.png	1.7434925071059462	1.3780684475515017
SimpleFlight	1.299	0.364157	-1.4184700000000001	-30.6544	0.802182	-0.16105999999999998	-0.141178	0.557345	1.60246	4.28412	0.097039	-0.69222	1.07849	-1.41642	5.1462699999999995	-1.37415	-1.84178	2.1301	-0.679032	-3.28779	2.0234799999999997	-0.0269005	466.093	2.11606	-0.028131200000000002	476.63599999999997	4.1515	0.055190699999999995	667.6139999999999	4.17917	0.055558500000000004	669.835	img_SimpleFlight__0_1627900281880369200.png	1.385525901457466	1.2914016987613501
SimpleFlight	1.386	0.523598	-1.05283	-30.6533	0.838958	-0.20102799999999998	-0.128031	0.48923	2.06759	4.09885	-0.0770811	-0.600507	1.19605	-1.67325	5.45785	-2.9104200000000002	-2.09337	3.38251	-3.17803	-2.61925	2.37825	-0.0316168	505.30300000000005	2.48417	-0.0330249	516.433	4.13163	0.0549266	666.015	4.17809	0.055544100000000006	669.748	img_SimpleFlight__0_1627900281967254200.png	1.0085034508693416	1.1821494379836348
SimpleFlight	1.467	0.70894	-0.731863	-30.6666	0.8723049999999999	-0.225708	-0.118677	0.4172	2.50944	3.80835	-0.25443499999999997	-0.339279	0.7829189999999999	-1.86494	5.46781	-4.2012	-2.3879599999999996	3.23248	-3.8624	-2.1354900000000003	2.5539400000000003	-0.0339524	523.634	2.85815	-0.0379967	553.943	3.99379	0.053094100000000005	654.811	4.1792	0.05555890000000001	669.8380000000001	img_SimpleFlight__0_1627900282054336800.png	0.6739841192926305	1.0667081154345053
SimpleFlight	1.548	0.9300229999999999	-0.43823599999999996	-30.6954	0.9029510000000001	-0.235758	-0.116816	0.33978	2.94735	3.4292599999999998	-0.461732	-0.181499	0.58343	-2.0196099999999997	5.32075	-5.10604	-2.73196	1.3989200000000002	-1.6657400000000002	-1.69199	2.96725	-0.0394471	564.4169999999999	3.10121	-0.0412279	577.0169999999999	4.10463	0.0545675	663.835	4.17945	0.0555622	669.857	img_SimpleFlight__0_1627900282140026800.png	0.3639163010797745	0.9393692278213024
SimpleFlight	1.626	1.16583	-0.196	-30.738000000000003	0.927592	-0.237198	-0.118664	0.263114	3.3374800000000002	3.0228599999999997	-0.677924	-0.10317899999999999	0.49176499999999995	-2.13279	5.06516	-5.69433	-3.02362	-0.585625	0.17564200000000002	-1.3349799999999998	3.2633400000000004	-0.0433833	591.908	3.2845199999999997	-0.043664999999999995	593.826	4.13931	0.0550286	666.633	4.17945	0.0555622	669.857	img_SimpleFlight__0_1627900282226551100.png	0.10392582983929907	0.8145123572040344
SimpleFlight	1.704	1.45241	0.029633499999999997	-30.8031	0.9485049999999999	-0.233611	-0.122557	0.17533800000000002	3.73351	2.54231	-0.9343610000000001	-0.05517180000000001	0.441195	-2.22759	4.6986099999999995	-6.13731	-3.29561	0.386703	-0.362561	-1.01702	3.4778800000000003	-0.0462355	611.055	3.4920400000000003	-0.0464237	612.297	4.1534	0.0552159	667.7669999999999	4.17945	0.0555622	669.857	img_SimpleFlight__0_1627900282313170700.png	0.14349692503525607	0.676361479630875
SimpleFlight	1.782	1.75751	0.20897600000000002	-30.8862	0.961716	-0.22676100000000002	-0.127065	0.0868157	4.08369	2.0527599999999997	-1.19872	-0.061246100000000005	0.43016400000000005	-2.29693	4.27648	-6.4023699999999995	-3.48834	0.418706	-0.272242	-0.77128	3.65277	-0.0485605	626.231	3.6467300000000002	-0.048480199999999994	625.7130000000001	4.15203	0.055197699999999995	667.6569999999999	4.17945	0.0555622	669.857	img_SimpleFlight__0_1627900282398904100.png	0.12253627120638375	0.70140303333946
SimpleFlight	1.866	2.1135099999999998	0.36101700000000003	-30.9944	0.9670200000000001	-0.21776199999999998	-0.13156800000000002	-0.011907	4.36073	1.60541	-1.29483	-0.0908982	0.425799	-2.35015	2.31642	-4.12827	1.4017899999999999	0.323656	-0.285578	0.051503099999999996	3.3717599999999996	-0.044824699999999995	601.66	3.32709	-0.044230900000000004	597.6619999999999	3.72537	0.049525599999999996	632.423	3.7665900000000003	0.0500737	635.913	img_SimpleFlight__0_1627900282485090200.png	0.35348291580627	0.5883726215541204
SimpleFlight	1.947	2.47336	0.47856800000000005	-31.0924	0.9628610000000001	-0.208406	-0.13478199999999999	-0.106302	4.51544	1.30548	-1.10843	-0.124321	0.41425100000000004	-2.22186	1.63301	-3.4719599999999997	2.7882599999999997	-0.45225	-0.164702	3.0194	2.58755	-0.03439930000000001	527.069	2.58714	-0.034393900000000005	527.0269999999999	2.07815	0.027627199999999998	472.347	2.1038099999999997	0.0279684	475.255	img_SimpleFlight__0_1627900282569718900.png	0.551791286502486	0.5170600391128188
SimpleFlight	2.028	2.84412	0.5730430000000001	-31.1728	0.951525	-0.199849	-0.13531300000000002	-0.19066	4.63472	1.02775	-0.875858	-0.14890799999999998	0.397973	-1.8896400000000002	1.33416	-3.4246	2.864	-0.779395	-0.176506	4.98373	3.03945	-0.0404069	571.243	3.01159	-0.0400365	568.618	1.0838	0.0144082	341.11300000000006	1.13091	0.0150345	348.44800000000004	img_SimpleFlight__0_1627900282655577400.png	0.7302081378352725	0.4538385226653147
SimpleFlight	2.106	3.20945	0.642749	-31.2326	0.9377479999999999	-0.19332	-0.13245099999999999	-0.256346	4.72959	0.7588779999999999	-0.658772	-0.15778599999999998	0.383296	-1.4574200000000002	1.1036	-3.4817199999999997	2.66811	0.245179	-0.196825	5.86132	3.50089	-0.0465414	613.073	3.48314	-0.046305400000000004	611.5169999999999	0.573975	0.007630500000000001	248.239	0.614088	0.00816378	256.767	img_SimpleFlight__0_1627900282740012500.png	0.8832727502839913	0.39471659849269125
SimpleFlight	2.19	3.6103400000000003	0.694176	-31.2788	0.9242870000000001	-0.188224	-0.125593	-0.307395	4.811780000000001	0.46525	-0.44322700000000004	-0.151909	0.370089	-0.95735	0.860049	-3.5243599999999997	2.41819	-1.02538	-0.189771	5.7969800000000005	3.7145	-0.0493811	631.499	3.7042300000000004	-0.0492446	630.626	0.430234	0.00571959	214.919	0.4577	0.00608474	221.673	img_SimpleFlight__0_1627900282824372600.png	1.026864730096477	0.33200960357082204
SimpleFlight	2.268	3.98805	0.7197399999999999	-31.3062	0.9157629999999999	-0.18495999999999999	-0.116103	-0.33717600000000003	4.87004	0.19028299999999998	-0.262804	-0.11890099999999999	0.363435	-0.528001	0.63122	-3.4984699999999997	2.2534400000000003	1.6935900000000002	0.0307276	5.13091	3.65794	-0.0486292	626.673	3.6707300000000003	-0.048799300000000004	627.768	0.584078	0.00776482	250.41400000000002	0.581562	0.00773137	249.87400000000002	img_SimpleFlight__0_1627900282911313400.png	1.1398970431235376	0.2746717479259552
SimpleFlight	2.349	4.38438	0.723649	-31.3204	0.9119229999999999	-0.18199200000000001	-0.10393599999999999	-0.35280700000000004	4.91254	-0.0930719	-0.09225789999999999	-0.07569069999999999	0.35646100000000003	-0.16536700000000001	0.414463	-3.45698	2.0344700000000002	0.939134	-0.056176699999999996	3.86102	3.4559599999999997	-0.045944099999999995	609.127	3.47424	-0.046187	610.735	0.828475	0.0110139	298.238	0.8144140000000001	0.010826899999999999	295.69599999999997	img_SimpleFlight__0_1627900282995002400.png	1.236219438199384	0.21667593577038255
SimpleFlight	2.43	4.783440000000001	0.704821	-31.3215	0.912536	-0.17864100000000002	-0.09042760000000001	-0.356634	4.93803	-0.370691	0.06268	-0.0255605	0.346587	0.0891748	0.2167	-3.37859	1.8227900000000001	0.609789	-0.15728699999999998	2.4508400000000004	3.13516	-0.0416792	580.1669999999999	3.14883	-0.041861	581.43	1.22146	0.016238299999999997	362.129	1.21363	0.0161342	360.966	img_SimpleFlight__0_1627900283080571000.png	1.311070364238475	0.16069138514420495
SimpleFlight	2.505	5.15426	0.667611	-31.3119	0.9158149999999999	-0.17461300000000002	-0.0776824	-0.353213	4.94803	-0.620252	0.192774	0.0237403	0.332305	0.2266	0.0551496	-3.30281	1.5719999999999998	-0.168483	-0.286831	1.1860700000000002	2.8031200000000003	-0.0372651	548.585	2.81562	-0.0374312	549.806	1.62709	0.021630700000000003	417.954	1.62463	0.0215981	417.63800000000003	img_SimpleFlight__0_1627900283163853100.png	1.1284860222446587	0.2679962155898533
SimpleFlight	2.589	5.56989	0.603957	-31.2905	0.920734	-0.169676	-0.0638582	-0.345515	4.94554	-0.8944799999999999	0.310923	0.034473500000000004	0.307839	0.26972199999999996	-0.113384	-3.2498	1.18011	-0.17763299999999999	-0.312263	-0.158558	2.47732	-0.0329339	515.721	2.4796400000000003	-0.0329646	515.961	2.0735900000000003	0.0275666	471.82800000000003	2.08787	0.0277565	473.45099999999996	img_SimpleFlight__0_1627900283247900000.png	1.2287321094760872	0.21376745550498696
SimpleFlight	2.67	5.96995	0.520998	-31.2616	0.9251969999999999	-0.16453199999999998	-0.05172080000000001	-0.33803	4.93006	-1.1523299999999999	0.399725	0.0568062	0.282896	0.22067399999999998	-0.266613	-3.13252	0.9694459999999999	0.010679799999999998	-0.309965	-1.0298100000000001	2.23484	-0.029710300000000002	489.83099999999996	2.2494400000000003	-0.0299043	491.42800000000005	2.44307	0.0324786	512.143	2.44434	0.0324954	512.276	img_SimpleFlight__0_1627900283333265400.png	1.3051843212904612	0.16308578843014704
SimpleFlight	2.748	6.35355	0.42171099999999995	-31.2276	0.928385	-0.158898	-0.041717800000000006	-0.333334	4.904059999999999	-1.39182	0.46862	0.0765318	0.257939	0.12184	-0.394262	-2.98949	0.847792	0.513998	-0.32716799999999996	-1.42184	2.0577900000000002	-0.0273565	470.027	2.07507	-0.0275863	471.99699999999996	2.71299	0.036066900000000006	539.694	2.71238	0.0360588	539.633	img_SimpleFlight__0_1627900283417114300.png	1.360252458801261	0.11616111235361196
SimpleFlight	2.832	6.763960000000001	0.294375	-31.1856	0.9301950000000001	-0.15197	-0.033078500000000004	-0.332488	4.8659099999999995	-1.63781	0.530048	0.10444400000000001	0.231172	-0.00512722	-0.506364	-2.83724	0.704151	0.5400590000000001	-0.319286	-1.5035399999999999	2.00063	-0.026596699999999997	463.454	2.01681	-0.0268118	465.324	2.83221	0.037651800000000006	551.424	2.83263	0.0376574	551.465	img_SimpleFlight__0_1627900283501326400.png	1.3996664421263605	0.06802162346627755
SimpleFlight	2.904	7.11293	0.169193	-31.1458	0.93034	-0.145465	-0.0273733	-0.335497	4.82658	-1.83785	0.574592	0.125854	0.209277	-0.109276	-0.585407	-2.73137	0.49175100000000005	0.529295	-0.313877	-1.35175	2.02893	-0.0269728	466.72	2.03625	-0.0270702	467.561	2.85698	0.0379811	553.83	2.8648	0.0380851	554.5880000000001	img_SimpleFlight__0_1627900283584404500.png	1.4175583918799772	0.02887340667834681
SimpleFlight	2.985	7.5019100000000005	0.0115852	-31.0976	0.929132	-0.137522	-0.0226736	-0.342471	4.77687	-2.0512799999999998	0.6139720000000001	0.144477	0.187027	-0.202675	-0.6406270000000001	-2.55493	0.424447	0.0993441	-0.25561799999999996	-0.9511950000000001	2.1263400000000003	-0.028267900000000002	477.793	2.13142	-0.028335400000000004	478.36300000000006	2.78165	0.0369797	546.48	2.78914	0.0370792	547.215	img_SimpleFlight__0_1627900283668434500.png	1.4208039728172175	0.01290875947821717
SimpleFlight	3.069	7.900869999999999	-0.169526	-31.0446	0.926686	-0.128876	-0.0192898	-0.352523	4.72156	-2.2582299999999997	0.64658	0.152819	0.167605	-0.262375	-0.6737770000000001	-2.37882	0.329148	0.24404800000000001	-0.219612	-0.47121899999999994	2.25942	-0.030037	492.517	2.266	-0.030124500000000002	493.23400000000004	2.69853	0.035874699999999995	538.254	2.7027	0.0359301	538.669	img_SimpleFlight__0_1627900283753527600.png	1.4061544242050343	0.053422429904344135
SimpleFlight	3.15	8.2811	-0.360061	-30.9912	0.9236559999999999	-0.12018800000000002	-0.017118400000000002	-0.36348600000000003	4.6665	-2.4438400000000002	0.6702319999999999	0.172033	0.15082	-0.279951	-0.678074	-2.18703	0.324491	0.384289	-0.181194	0.02756	2.41255	-0.0320727	508.93300000000005	2.41624	-0.0321219	509.32300000000004	2.56324	0.0340761	524.587	2.56828	0.034143099999999996	525.1030000000001	img_SimpleFlight__0_1627900283835897800.png	1.1343170064710288	0.06735238371790751
SimpleFlight	3.231	8.65685	-0.565118	-30.9364	0.920336	-0.112115	-0.0153173	-0.374404	4.6108199999999995	-2.61753	0.679415	0.138567	0.138248	-0.27216399999999996	-0.690945	-2.0724299999999998	0.0440626	0.31849	-0.17460799999999999	0.17936300000000002	2.51146	-0.03338769999999999	519.262	2.51085	-0.0333796	519.198	2.44709	0.032532	512.564	2.4532700000000003	0.03261409999999999	513.21	img_SimpleFlight__0_1627900283920684800.png	1.1558060079810897	0.03345321668387363
SimpleFlight	3.309	9.014380000000001	-0.7754939999999999	-30.8836	0.9170440000000001	-0.10540899999999999	-0.013595300000000001	-0.384362	4.5564	-2.77503	0.673833	0.119593	0.126548	-0.255103	-0.70319	-1.9615799999999999	-0.15661	-0.391952	-0.149228	0.262768	2.59501	-0.0344985	527.828	2.5937099999999997	-0.0344811	527.695	2.46658	0.032791100000000004	514.601	2.47308	0.0328775	515.279	img_SimpleFlight__0_1627900284003790300.png	1.1632398926078267	0.002738633689507692
SimpleFlight	3.387	9.36765	-0.997771	-30.8315	0.9138700000000001	-0.099377	-0.011975200000000002	-0.393475	4.50149	-2.92263	0.660949	0.110752	0.115717	-0.230343	-0.708306	-1.8391099999999998	-0.245846	-0.212358	-0.13826	0.346977	2.6630000000000003	-0.0354024	534.698	2.65919	-0.0353517	534.315	2.49805	0.0332095	517.874	2.50772	0.033338	518.875	img_SimpleFlight__0_1627900284086571000.png	1.158300662752895	0.026074963383804724
SimpleFlight	3.462	9.70328	-1.22201	-30.7825	0.911092	-0.0939074	-0.01059	-0.401225	4.448580000000001	-3.0555	0.643995	0.10788699999999998	0.106044	-0.201027	-0.701338	-1.70514	-0.202674	0.116257	-0.117671	0.428972	2.66695	-0.035454900000000004	535.095	2.67476	-0.0355587	535.877	2.45718	0.0326661	513.62	2.45432	0.0326281	513.321	img_SimpleFlight__0_1627900284171085200.png	1.142471678213912	0.05206602292419654
SimpleFlight	3.537	10.035	-1.45589	-30.7349	0.908695	-0.0886045	-0.00939845	-0.407841	4.39611	-3.1796	0.624814	0.11181600000000001	0.09707919999999999	-0.16833499999999998	-0.69728	-1.60527	-0.313221	0.144449	-0.122295	0.450953	2.70471	-0.035956800000000004	538.869	2.70684	-0.0359851	539.081	2.46828	0.032813699999999994	514.779	2.4713	0.0328539	515.0930000000001	img_SimpleFlight__0_1627900284253838000.png	1.116379420462352	0.07639839525000855
SimpleFlight	3.615	10.3758	-1.7086400000000002	-30.686999999999998	0.906696	-0.0831067	-0.00840706	-0.41343	4.342569999999999	-3.2996199999999996	0.602995	0.111226	0.0887413	-0.132158	-0.677567	-1.48237	-0.299727	-0.0871172	-0.103729	0.453824	2.72805	-0.0362671	541.189	2.72526	-0.03623	540.9119999999999	2.4715700000000003	0.0328574	515.121	2.47939	0.032961300000000006	515.935	img_SimpleFlight__0_1627900284336454500.png	1.0789421297770505	0.09998470293157599
SimpleFlight	3.696	10.7253	-1.9806400000000002	-30.6392	0.905191	-0.0773832	-0.00763286	-0.41783000000000003	4.28876	-3.41471	0.579183	0.11848199999999999	0.0804956	-0.0946169	-0.646154	-1.35045	-0.227562	0.22696599999999997	-0.0849875	0.46649799999999997	2.7212	-0.036176	540.509	2.73075	-0.036302999999999995	541.457	2.4761599999999997	0.0329184	515.599	2.47168	0.032858899999999996	515.133	img_SimpleFlight__0_1627900284419672600.png	1.0296372534409628	0.12264075420090112
SimpleFlight	3.774	11.0579	-2.25102	-30.5949	0.904307	-0.0718168	-0.00713758	-0.42073900000000003	4.23937	-3.51643	0.555786	0.12178599999999999	0.07308110000000001	-0.0601192	-0.615568	-1.24771	-0.302266	-0.119122	-0.0932713	0.41384799999999994	2.70082	-0.035905099999999995	538.481	2.7055599999999997	-0.035968099999999996	538.953	2.4542900000000003	0.032627699999999996	513.317	2.4536700000000002	0.0326195	513.253	img_SimpleFlight__0_1627900284504370800.png	0.7396151742834163	0.014404439819302674
SimpleFlight	3.843	11.349	-2.49657	-30.5574	0.9038459999999999	-0.0676735	-0.00652852	-0.422421	4.19762	-3.5999	0.53094	0.0838585	0.06683439999999999	-0.0419175	-0.5940810000000001	-1.16469	-0.334439	-0.0337014	-0.0761955	0.145403	2.70638	-0.035979000000000004	539.035	2.68357	-0.0356758	536.759	2.4998400000000003	0.0332332	518.058	2.52754	0.0336015	520.9209999999999	img_SimpleFlight__0_1627900284587200200.png	0.7419518162992448	0.0020342897196479284
SimpleFlight	3.921	11.6746	-2.7808599999999997	-30.5172	0.903364	-0.0642184	-0.005510800000000001	-0.42400299999999996	4.15141	-3.68851	0.497555	0.053693899999999996	0.060678499999999996	-0.0428061	-0.5891029999999999	-1.09935	-0.43586899999999995	-0.48060600000000003	-0.0708929	-0.132029	2.6274599999999997	-0.0349298	531.118	2.6200099999999997	-0.0348308	530.365	2.6005599999999998	0.0345723	528.3919999999999	2.6120200000000002	0.0347245	529.555	img_SimpleFlight__0_1627900284670246600.png	0.7372362888751199	0.01956431618103712
SimpleFlight	4.002	12.0088	-3.08343	-30.4806	0.902683	-0.0606434	-0.00434149	-0.425989	4.096769999999999	-3.7930300000000003	0.304412	0.10821900000000001	0.09095239999999999	-0.0591246	-0.835866	-1.6749599999999998	-6.158519999999999	-1.4959200000000001	-0.45815100000000003	-0.259681	4.0169999999999995	-0.053402599999999995	656.711	3.99369	-0.0530928	654.803	4.1129	0.0546775	664.503	4.174169999999999	0.05549199999999999	669.434	img_SimpleFlight__0_1627900284754128000.png	0.7242057936154663	0.04006101110792683
SimpleFlight	4.08	12.325999999999999	-3.38404	-30.4738	0.901697	-0.05694640000000001	-0.00321581	-0.428591	4.03675	-3.9069800000000003	-0.07149019999999999	0.059991499999999996	0.0634311	-0.08055599999999999	-0.654025	-1.13374	-2.30123	-0.602064	-0.286587	-0.283003	4.00916	-0.0532984	656.07	3.9992699999999997	-0.053166899999999996	655.259	4.12669	0.05486080000000001	665.6160000000001	4.1793	0.05556030000000001	669.846	img_SimpleFlight__0_1627900284836742700.png	0.7016250772267738	0.0622051148904264
SimpleFlight	4.158	12.639000000000001	-3.6918699999999998	-30.4835	0.900286	-0.0540654	-0.00228636	-0.431921	3.9901699999999996	-3.98225	-0.152845	0.0512803	0.0535466	-0.101284	-0.561986	-0.854282	-0.292453	0.06111950000000001	-0.107493	-0.21472600000000003	2.7208099999999997	-0.0361709	540.471	2.72304	-0.0362006	540.693	2.87451	0.0382142	555.5269999999999	2.8747700000000003	0.0382176	555.552	img_SimpleFlight__0_1627900284919979400.png	0.6708265479634655	0.07754639183443922
SimpleFlight	4.239	12.9604	-4.01711	-30.4963	0.898475	-0.0513756	-0.00155861	-0.43600500000000003	3.94576	-4.04704	-0.15658	0.0479905	0.046949300000000006	-0.115888	-0.538568	-0.756911	0.0989828	0.0994473	-0.0776565	-0.121121	2.4790200000000002	-0.032956400000000004	515.8969999999999	2.4863299999999997	-0.0330537	516.6569999999999	2.58882	0.0344161	527.198	2.5857200000000002	0.0343749	526.882	img_SimpleFlight__0_1627900285003918300.png	0.6322447144450317	0.09121054247640605
SimpleFlight	4.311	13.2431	-4.310309999999999	-30.506	0.8966639999999999	-0.0495723	-0.00108583	-0.43992600000000004	3.9116800000000005	-4.09021	-0.043108099999999996	-0.010857799999999999	0.0142744	-0.121241	-0.33418400000000004	-0.284921	4.86664	-0.18567999999999998	-0.36432600000000004	-0.0271351	2.4432400000000003	-0.0324808	512.161	2.44323	-0.0324806	512.159	2.50082	0.0332463	518.161	2.5040400000000003	0.033289099999999995	518.494	img_SimpleFlight__0_1627900285085665800.png	0.5928926485940461	0.10084709449143674
SimpleFlight	4.392	13.5589	-4.64255	-30.4935	0.894516	-0.0487078	-0.000681674	-0.444375	3.88406	-4.11393	0.338398	0.00341622	0.0265781	-0.122305	-0.563715	-0.750213	-0.54783	1.6987	0.855958	-0.0899198	1.25458	-0.0166786	367.005	1.26006	-0.0167514	367.806	1.2654299999999998	0.0168228	368.588	1.23537	0.0164232	364.185	img_SimpleFlight__0_1627900285169589500.png	0.34578770214007976	0.049806755014193946
SimpleFlight	4.47	13.8596	-4.96683	-30.4819	0.892316	-0.047394900000000004	0.000268528	-0.448916	3.8271800000000002	-4.19687	-0.00473625	0.00314233	0.038484	-0.135844	-0.646987	-0.859906	-2.28008	0.459351	0.192052	-0.226032	4.0605199999999995	-0.053981100000000004	660.258	4.05209	-0.0538691	659.572	4.14564	0.055112699999999994	667.143	4.1221	0.0547998	665.2460000000001	img_SimpleFlight__0_1627900285251925800.png	0.3638387628834974	0.03249963057214416
SimpleFlight	4.548	14.1562	-5.2965599999999995	-30.4866	0.8897149999999999	-0.047204699999999995	0.00150964	-0.45406599999999997	3.7797099999999997	-4.2554099999999995	-0.0929092	-0.0230636	0.0348521	-0.15754300000000002	-0.592017	-0.684658	-0.452064	-0.592299	-0.0286681	-0.308542	2.8376799999999998	-0.0377246	551.957	2.8184099999999996	-0.037468400000000006	550.0790000000001	2.95802	0.0393244	563.539	2.98278	0.0396535	565.8919999999999	img_SimpleFlight__0_1627900285334556500.png	0.3752326673045551	0.019406238006550725
SimpleFlight	4.626	14.4492	-5.63051	-30.4947	0.8866450000000001	-0.047614300000000005	0.00284498	-0.45998500000000003	3.73317	-4.30687	-0.11006600000000001	-0.0311569	0.0314714	-0.180529	-0.606324	-0.644501	-0.09126569999999999	-0.249666	-0.0288962	-0.29605	2.48201	-0.032996199999999996	516.2080000000001	2.4882299999999997	-0.0330789	516.854	2.6426	0.035131199999999994	532.6469999999999	2.63976	0.03509330000000001	532.36	img_SimpleFlight__0_1627900285418102600.png	0.38114843948549804	0.007305185371443231
SimpleFlight	4.71	14.7607	-5.99445	-30.5029	0.8828309999999999	-0.0486915	0.00425977	-0.467141	3.68661	-4.35157	-0.00603987	-0.0892154	0.0058185	-0.201031	-0.381729	-0.23528000000000002	4.86203	-0.403001	-0.268941	-0.214702	2.4421	-0.0324656	512.0409999999999	2.43633	-0.0323889	511.435	2.58395	0.0343515	526.703	2.5905	0.0344385	527.369	img_SimpleFlight__0_1627900285501766000.png	0.3816547750606212	0.003997439967301529
SimpleFlight	4.785	15.0361	-6.32158	-30.4906	0.879064	-0.0502841	0.00537637	-0.47401400000000005	3.6494400000000002	-4.38092	0.222743	-0.00228889	0.0324086	-0.212625	-0.9963770000000001	-1.11166	-5.5274	3.8595699999999997	1.1072899999999999	-0.09287480000000001	1.19072	-0.0158296	357.542	1.23149	-0.0163716	363.61199999999997	1.33212	0.017709400000000004	378.17699999999996	1.26213	0.016779	368.108	img_SimpleFlight__0_1627900285583694200.png	0.3786166379366158	0.012298815835833777
SimpleFlight	4.863	15.3179	-6.66627	-30.4856	0.875036	-0.049924699999999995	0.00612587	-0.48143800000000003	3.5811	-4.45188	-0.0338716	-0.00412212	0.0292154	-0.216623	-0.774891	-0.741664	-1.38178	-0.9342940000000001	-0.00305616	-0.0104042	3.55281	-0.0472316	617.602	3.52375	-0.0468452	615.071	3.5346699999999998	0.0469905	616.024	3.5952699999999997	0.0477961	621.2819999999999	img_SimpleFlight__0_1627900285665907500.png	0.3690407912637736	0.029439176609288024
SimpleFlight	4.941	15.595	-7.015630000000001	-30.4909	0.8709379999999999	-0.049845	0.00681557	-0.48881099999999994	3.5233	-4.5046	-0.0869922	-0.03541180000000001	0.026157099999999996	-0.213468	-0.7266130000000001	-0.638123	-0.31090500000000004	-1.70806	0.0213447	-0.037106400000000005	2.7476599999999998	-0.0365278	543.131	2.74666	-0.0365145	543.0319999999999	2.73103	0.03630680000000001	541.485	2.73935	0.0364174	542.309	img_SimpleFlight__0_1627900285749143500.png	0.1428913771803337	0.11398665250410324
SimpleFlight	5.016	15.8572	-7.35526	-30.498	0.8668520000000001	-0.0509789	0.00813229	-0.495886	3.468	-4.5517199999999995	-0.101996	-0.0631213	0.025933799999999996	-0.22059600000000001	-0.753188	-0.623599	-0.13575	0.30875199999999997	-0.0172738	-0.145362	2.54598	-0.0338466	522.818	2.56986	-0.0341642	525.265	2.56902	0.0341529	525.178	2.54798	0.0338732	523.023	img_SimpleFlight__0_1627900285833431300.png	0.18899744073949812	0.10130118431462708
SimpleFlight	5.094	16.1255	-7.712039999999999	-30.5044	0.8622190000000001	-0.053554399999999995	0.0100236	-0.5035970000000001	3.4169300000000002	-4.58924	0.027659500000000004	-0.138414	0.00383487	-0.23736500000000002	-0.456952	-0.225902	4.8811	1.16773	0.23846399999999998	-0.261102	2.4858700000000002	-0.0330475	516.609	2.48177	-0.032993	516.183	2.58528	0.034369199999999996	526.8380000000001	2.59032	0.0344361	527.351	img_SimpleFlight__0_1627900285915447800.png	0.2313437589163439	0.09022685237818107
SimpleFlight	5.169	16.3803	-8.05706	-30.4906	0.85731	-0.0564812	0.011898299999999999	-0.511554	3.3654900000000003	-4.62408	0.19023299999999999	-0.026769400000000002	0.0362475	-0.256656	-1.32463	-1.14391	-5.74394	2.02497	0.6456729999999999	-0.266835	1.16825	-0.015530799999999999	354.152	1.18777	-0.0157904	357.1	1.35394	0.0179995	381.26099999999997	1.30572	0.017358500000000002	374.411	img_SimpleFlight__0_1627900285998345500.png	0.26832401799546923	0.07937430718190465
SimpleFlight	5.25	16.649	-8.43484	-30.488000000000003	0.851593	-0.0578632	0.0134744	-0.520827	3.27267	-4.69834	-0.0630088	-0.0613962	0.029007599999999998	-0.275885	-1.0267	-0.760347	-1.29095	0.0332284	-0.14156	-0.168022	3.58321	-0.047635699999999996	620.239	3.5502	-0.0471969	617.376	3.65285	0.0485615	626.237	3.7165199999999996	0.0494079	631.6709999999999	img_SimpleFlight__0_1627900286082303800.png	0.30003892237902524	0.05863397376466727
SimpleFlight	5.328	16.9012	-8.803519999999999	-30.4955	0.845656	-0.0593418	0.0148959	-0.5302100000000001	3.19453	-4.7537199999999995	-0.117502	-0.0543822	0.0269577	-0.287901	-0.993187	-0.6780189999999999	-0.331399	0.24387399999999998	-0.0219748	-0.09457810000000001	2.68743	-0.0357272	537.145	2.7065099999999997	-0.0359807	539.048	2.79351	0.0371374	547.644	2.77921	0.0369472	546.24	img_SimpleFlight__0_1627900286164235800.png	0.32244000098965064	0.0419114844989942
SimpleFlight	5.403	17.1381	-9.16183	-30.5037	0.839686	-0.061026300000000006	0.0162051	-0.539388	3.12958	-4.7942599999999995	-0.0224255	-0.12108699999999999	0.00357944	-0.290576	-0.551866	-0.234458	4.876119999999999	-0.302597	-0.251565	0.00631016	2.55198	-0.0339264	523.433	2.55075	-0.03391	523.307	2.59348	0.0344781	527.672	2.59497	0.034497900000000005	527.8240000000001	img_SimpleFlight__0_1627900286246557100.png	0.33721399520176437	0.02854583746891069
SimpleFlight	5.484	17.3896	-9.55113	-30.4915	0.83316	-0.0630941	0.0174553	-0.549144	3.0636200000000002	-4.8312800000000005	0.169426	0.0178803	0.038329400000000007	-0.284506	-1.62798	-1.1596799999999998	-5.72433	1.59524	0.722542	0.0593071	1.25416	-0.016673	366.944	1.2774	-0.016982	370.32800000000003	1.26657	0.016837900000000003	368.754	1.2174	0.0161843	361.526	img_SimpleFlight__0_1627900286330832000.png	0.1261582798323293	0.17243285971404523
SimpleFlight	5.562	17.6241	-9.93099	-30.4902	0.826893	-0.0638114	0.0186697	-0.558415	2.9551	-4.9036	-0.0791525	-0.058592200000000004	0.033188199999999994	-0.287015	-1.23606	-0.7680170000000001	-1.4061299999999999	-1.10839	-0.0725765	-0.0842604	3.6023099999999997	-0.0478896	621.89	3.5315	-0.0469483	615.747	3.5153300000000005	0.046733300000000005	614.336	3.6171300000000004	0.0480866	623.168	img_SimpleFlight__0_1627900286413178000.png	0.1974419015880213	0.14965851094113544
SimpleFlight	5.637	17.8423	-10.3008	-30.4989	0.8205290000000001	-0.0655173	0.020435400000000003	-0.56747	2.86488	-4.9572199999999995	-0.14013599999999998	-0.0777602	0.0324343	-0.298644	-1.1945700000000001	-0.682668	-0.46173400000000003	-0.534308	0.016835299999999997	-0.213294	2.73834	-0.036403899999999996	542.2090000000001	2.7378299999999998	-0.0363971	542.158	2.80845	0.037335900000000005	549.106	2.8129299999999997	0.0373955	549.544	img_SimpleFlight__0_1627900286495364100.png	0.2575122554590518	0.13132740340135962
SimpleFlight	5.712	18.0542	-10.6742	-30.5068	0.81367	-0.0686422	0.0227585	-0.576812	2.79573	-4.99124	0.0269404	-0.135028	0.0126853	-0.313127	-0.647935	-0.229868	4.90684	4.30484	0.629893	-0.1461	2.54832	-0.0338778	523.058	2.54293	-0.0338061	522.505	2.65741	0.035328	534.137	2.6625	0.0353957	534.648	img_SimpleFlight__0_1627900286577681100.png	0.31038833475306915	0.11788617702678399
SimpleFlight	5.784	18.2537	-11.0342	-30.4927	0.806686	-0.071672	0.0248468	-0.5860920000000001	2.73802	-5.01484	0.302103	-0.07112660000000001	0.029850099999999997	-0.32554299999999997	-1.8574700000000002	-1.0547600000000001	-4.45871	5.05048	1.44507	-0.173525	1.20961	-0.016080700000000003	360.36699999999996	1.2099799999999998	-0.0160857	360.423	1.30236	0.0173138	373.92900000000003	1.29342	0.017194900000000003	372.64300000000003	img_SimpleFlight__0_1627900286660167000.png	0.3569362658376361	0.10705523104245167
SimpleFlight	5.862	18.4613	-11.4288	-30.4855	0.798926	-0.0721594	0.0260124	-0.5965189999999999	2.58815	-5.09808	-0.0715599	-0.028981599999999996	0.0394184	-0.33445	-1.6556099999999998	-0.8570399999999999	-2.51569	0.255819	0.141244	-0.0786182	4.05773	-0.0539441	660.0319999999999	4.05452	-0.053901300000000006	659.77	4.14911	0.055158900000000004	667.422	4.1353	0.054975300000000005	666.31	img_SimpleFlight__0_1627900286743893300.png	0.3977267743757175	0.07706688832113678
SimpleFlight	5.94	18.6584	-11.8288	-30.496	0.790922	-0.0726466	0.027021499999999997	-0.606988	2.47019	-5.15576	-0.171454	-0.030031099999999998	0.0376804	-0.334435	-1.42984	-0.6647029999999999	-0.534942	0.213652	-0.031545	0.0867731	2.93573	-0.0390281	561.411	2.92908	-0.0389396	560.775	2.94361	0.0391327	562.164	2.95819	0.039326599999999996	563.554	img_SimpleFlight__0_1627900286824393200.png	0.4267500572876558	0.054099481424816125
SimpleFlight	6.015	18.8399	-12.2172	-30.5082	0.783185	-0.0736567	0.0281192	-0.6167699999999999	2.38155	-5.19294	-0.06651010000000002	-0.117757	0.00920343	-0.324407	-0.7232390000000001	-0.203432	4.9084	1.0182799999999999	0.0144266	0.178329	2.64341	-0.035141900000000004	532.7280000000001	2.64756	-0.035197000000000006	533.145	2.59124	0.034448400000000004	527.445	2.5883	0.0344092	527.145	img_SimpleFlight__0_1627900286907086200.png	0.19786396645537402	0.1943739548654091
SimpleFlight	6.093	19.0235	-12.6229	-30.4986	0.7752180000000001	-0.0759113	0.029801400000000002	-0.626408	2.32095	-5.21057	0.294572	-0.07741050000000001	0.0260909	-0.313777	-1.01442	-0.351686	3.06855	0.6088899999999999	0.198424	0.0204164	1.29987	-0.017280700000000003	373.57099999999997	1.2961799999999999	-0.017231599999999996	373.04	1.2215200000000002	0.016239	362.13699999999994	1.1978799999999998	0.0159247	358.615	img_SimpleFlight__0_1627900286988775500.png	0.2816822997240424	0.18342849876592154
SimpleFlight	6.174	19.2057	-13.0474	-30.4812	0.76699	-0.0763977	0.031201599999999996	-0.6363300000000001	2.15925	-5.28148	0.00550237	-0.057627599999999994	0.0436916	-0.317407	-2.1684900000000003	-0.93837	-4.64166	1.51731	-0.111776	-0.0470186	3.68805	-0.049029500000000004	629.247	3.7522599999999997	-0.0498832	634.702	3.8171800000000005	0.0507461	640.168	3.6783699999999997	0.0489008	628.4209999999999	img_SimpleFlight__0_1627900287071225800.png	0.35975054226366915	0.15247939950216896
SimpleFlight	6.246	19.3561	-13.4298	-30.4888	0.7593949999999999	-0.0768995	0.0326087	-0.645246	2.02398	-5.33594	-0.177112	-0.0504255	0.046219300000000005	-0.326434	-1.6992900000000002	-0.63612	-1.19296	0.564737	0.0218326	-0.15320699999999998	3.3320800000000004	-0.0442971	598.109	3.3597099999999998	-0.0446644	600.5840000000001	3.4126199999999995	0.0453679	605.295	3.3746099999999997	0.0448625	601.914	img_SimpleFlight__0_1627900287154497600.png	0.416725471152982	0.12692524020724988
SimpleFlight	6.321	19.5032	-13.8317	-30.5043	0.751145	-0.0774584	0.034055300000000004	-0.654692	1.90133	-5.3794	-0.22582800000000003	-0.0411801	0.046156800000000005	-0.334468	-1.60002	-0.5381199999999999	-0.300031	0.902646	-0.0465267	-0.0399432	2.7105200000000003	-0.0360341	539.448	2.70238	-0.0359258	538.637	2.7814900000000002	0.0369776	546.465	2.78919	0.03708	547.221	img_SimpleFlight__0_1627900287236940800.png	0.4659393947097896	0.10412242651054739
SimpleFlight	6.399	19.6486	-14.252	-30.51	0.742155	-0.0799529	0.0362994	-0.664452	1.83181	-5.3944	0.116533	-0.085607	0.0322307	-0.337998	-0.8235309999999999	-0.149722	4.93155	-1.88068	-0.196286	-0.00112596	1.28472	-0.0170792	371.38699999999994	1.2206299999999999	-0.0162272	362.006	1.23648	0.016438	364.348	1.35395	0.017999599999999998	381.26300000000003	img_SimpleFlight__0_1627900287317490400.png	0.5092048947069726	0.09173914782988885
SimpleFlight	6.477	19.7883	-14.6735	-30.4901	0.733097	-0.08154299999999999	0.0379631	-0.6741510000000001	1.73405	-5.4194	0.306535	-0.0209143	0.04386230000000001	-0.33487100000000003	-2.49211	-0.820559	-4.84813	6.38282	1.62364	0.060832000000000004	1.4421899999999999	-0.0191727	393.49	1.46319	-0.0194519	396.345	1.46128	0.0194264	396.086	1.44008	0.0191447	393.20300000000003	img_SimpleFlight__0_1627900287399959900.png	0.5466477517212646	0.07405704889252575
SimpleFlight	6.555	19.9156	-15.0988	-30.4836	0.724348	-0.0797664	0.037819900000000004	-0.683759	1.5355299999999998	-5.48295	-0.103922	0.0376825	0.053586199999999994	-0.324481	-2.15978	-0.634705	-3.0285	0.330972	0.15700999999999998	0.183882	4.16131	-0.0553211	668.403	4.13646	-0.0549908	666.404	4.0917900000000005	0.054396900000000005	662.796	4.1122	0.0546682	664.447	img_SimpleFlight__0_1627900287482237000.png	0.5711461293399732	0.03744066709357039
SimpleFlight	6.633	20.0294	-15.5281	-30.4974	0.715858	-0.0782272	0.0377504	-0.692822	1.38837	-5.52269	-0.218063	0.0126163	0.0535898	-0.3067	-1.7243	-0.42891	-0.542921	-0.21898099999999998	0.0136136	0.249901	3.05838	-0.0406586	573.019	3.04881	-0.040531300000000006	572.121	2.91925	0.0388089	559.8330000000001	2.9367	0.039041	561.504	img_SimpleFlight__0_1627900287564114700.png	0.3801705997970989	0.1677502234160696
SimpleFlight	6.711	20.1336	-15.9598	-30.5092	0.7075279999999999	-0.0790052	0.03926	-0.7011569999999999	1.29853	-5.538819999999999	0.011213899999999999	-0.0507416	0.0373032	-0.29227	-0.8351879999999999	-0.0812821	4.9318599999999995	1.0587	0.691944	0.113923	2.67581	-0.0355726	535.982	2.67903	-0.035615499999999994	536.305	2.55289	0.033938499999999996	523.5269999999999	2.54955	0.033894099999999996	523.184	img_SimpleFlight__0_1627900287648084000.png	0.45017859434638285	0.15174293236207978
SimpleFlight	6.789	20.2323	-16.392	-30.4934	0.699284	-0.0803156	0.0414519	-0.7091069999999999	1.2267299999999999	-5.54639	0.362601	-0.0552235	0.050656400000000004	-0.28876599999999997	-2.21294	-0.48924799999999996	-2.8287299999999997	4.82768	1.89251	-0.10376800000000001	1.27001	-0.0168837	369.255	1.26594	-0.0168296	368.663	1.2349299999999999	0.016417400000000002	364.12	1.2444600000000001	0.016544	365.52099999999996	img_SimpleFlight__0_1627900287729244600.png	0.514664314012266	0.13913220351385597
SimpleFlight	6.867	20.3198	-16.8265	-30.482	0.6909609999999999	-0.07886110000000002	0.0427065	-0.7173069999999999	1.01809	-5.59245	-0.0664058	-0.019310499999999998	0.0729017	-0.302225	-2.4184400000000004	-0.472526	-4.00419	1.62984	0.238693	-0.21953499999999998	4.06426	-0.0540309	660.562	4.0349900000000005	-0.053641699999999994	658.179	4.12517	0.054840599999999996	665.4939999999999	4.14657	0.055125099999999996	667.2180000000001	img_SimpleFlight__0_1627900287810822100.png	0.5678041036201684	0.10153538771449137
SimpleFlight	6.945	20.3926	-17.2639	-30.4952	0.68176	-0.0787175	0.04531369999999999	-0.725916	0.8536950000000001	-5.61952	-0.233533	-0.07829030000000001	0.0809578	-0.333954	-1.93533	-0.260524	-1.02899	-0.699919	0.110615	-0.524551	3.19277	-0.0424451	585.4730000000001	3.16635	-0.042093900000000004	583.0459999999999	3.32913	0.044258	597.845	3.36171	0.044691	600.763	img_SimpleFlight__0_1627900287893199000.png	0.606061677044582	0.0722234411108831
SimpleFlight	7.026	20.4558	-17.7198	-30.5144	0.670446	-0.0817288	0.0511207	-0.7356689999999999	0.727101	-5.63079	-0.136114	-0.36841999999999997	0.0428713	-0.389495	-0.922171	0.0278182	4.9446900000000005	1.9124	1.08053	-0.924692	2.55404	-0.033953699999999996	523.645	2.56819	-0.0341419	525.094	2.8635200000000003	0.0380681	554.464	2.85248	0.037921300000000005	553.394	img_SimpleFlight__0_1627900287976200800.png	0.6332973507941899	0.04987904260487674
SimpleFlight	7.101	20.5077	-18.142	-30.5107	0.657442	-0.0881936	0.060283	-0.745894	0.6541140000000001	-5.6273800000000005	0.235645	-0.332005	0.09465019999999999	-0.468854	-1.02681	0.06661	4.9625	0.701279	0.820989	-1.3237299999999999	0.959965	-0.0127619	321.034	0.9999819999999999	-0.013293899999999999	327.657	1.58532	0.0210754	412.55400000000003	1.47028	0.019546200000000003	397.305	img_SimpleFlight__0_1627900288057707400.png	0.6519119301986428	0.037178634468947785
SimpleFlight	7.179	20.5553	-18.5807	-30.478	0.640301	-0.09515119999999999	0.0723082	-0.75877	0.5424859999999999	-5.6215	0.513042	-0.181197	0.199666	-0.593967	-3.19596	0.020581099999999998	-3.40774	16.2377	3.73736	-1.6756799999999998	0.89312	-0.0118733	309.655	0.9046379999999999	-0.0120264	311.645	1.6118700000000001	0.021428400000000004	415.994	1.60571	0.021346599999999997	415.199	img_SimpleFlight__0_1627900288141658300.png		
SimpleFlight	7.257	20.5876	-19.0188	-30.449	0.618236	-0.09701119999999999	0.0845448	-0.7753869999999999	0.28474299999999997	-5.6090800000000005	0.241067	-0.438266	0.292931	-0.773889	-3.3184	0.32171900000000003	-2.94011	-4.94785	2.51155	-2.9567900000000003	3.09177	-0.0411024	576.138	2.90095	-0.0385657	558.076	3.9533699999999996	0.0525567	651.489	4.16743	0.0554024	668.8939999999999	img_SimpleFlight__0_1627900288226663000.png		
SimpleFlight	7.335	20.5996	-19.4549	-30.4377	0.586548	-0.102906	0.10948900000000002	-0.795854	0.0241013	-5.5674	0.0689193	-0.821375	0.549024	-1.05607	-3.4357900000000003	0.7949039999999999	-1.61601	-10.6191	8.6724	-4.10366	2.41392	-0.032091	509.07800000000003	2.30863	-0.030691200000000002	497.852	4.1359900000000005	0.0549844	666.3660000000001	4.1794199999999995	0.05556180000000001	669.855	img_SimpleFlight__0_1627900288307978200.png		
SimpleFlight	7.41	20.5911	-19.8695	-30.4374	0.541718	-0.10575599999999999	0.154947	-0.8193590000000001	-0.262407	-5.47293	-0.0643392	-1.31765	1.25686	-1.3372700000000002	-4.20655	1.8533	-1.86018	-5.95705	12.2296	-3.3565199999999997	2.1919999999999997	-0.0291408	485.11300000000006	1.80168	-0.0239519	439.80699999999996	4.17707	0.055530600000000006	669.6669999999999	4.16435	0.0553615	668.6469999999999	img_SimpleFlight__0_1627900288392481600.png		
SimpleFlight	7.485	20.5597	-20.2735	-30.4458	0.481518	-0.07634289999999999	0.205375	-0.848607	-0.561495	-5.28918	-0.120024	0.957952	2.4081200000000003	-1.53164	-3.68897	3.17762	-0.32659299999999997	48.2572	20.8946	2.01519	2.14831	-0.0285599	480.255	2.31261	-0.0307442	498.281	4.17945	0.0555622	669.857	3.81809	0.0507583	640.245	img_SimpleFlight__0_1627900288474246100.png		
