Vehicle2Name	TimeStamp	POS_X	POS_Y	POS_Z	Q_W	Q_X	Q_Y	Q_Z	v_X	v_Y	v_Z	av_X	av_Y	av_Z	a_X	a_Y	a_Z	aa_X	aa_Y	aa_Z	thrust0	torque0	speed0	thrust1	torque1	speed1	thrust2	torque2	speed2	thrust3	torque3	speed3	ImageImageFile	ctes	Theta_e
SimpleFlight	0.0	0.07938780000000001	-0.6815399999999999	-30.419	0.9880110000000001	0.010724	-0.153901	0.00576221	0.280025	0.022813099999999996	-0.380363	0.061087300000000004	-1.73928	0.133681	4.4747	0.340327	-4.47302	-0.592951	13.946	0.70855	4.177309999999999	-0.0555337	669.686	3.8489199999999997	-0.0511682	642.825	3.59743	0.04782480000000001	621.469	3.31881	0.0441207	596.9169999999999	img_SimpleFlight__0_1627900227800836700.png	0.6732103446326532	0.15982837802663916
SimpleFlight	0.105	0.138401	-0.677046	-30.4842	0.975476	0.010416	-0.21945	0.013401	0.8834049999999999	0.0640901	-0.8612790000000001	-0.0366506	-0.872633	0.175025	6.782539999999999	0.418538	-4.61676	-0.966039	5.93701	0.00895122	4.17945	-0.0555622	669.857	4.00522	-0.053245900000000006	655.747	4.14949	0.0551639	667.453	4.02229	0.053472900000000004	657.143	img_SimpleFlight__0_1627900227887087300.png	0.6641000758268503	0.15096187746139336
SimpleFlight	0.294	0.42987299999999995	-0.6589149999999999	-30.712	0.966842	-0.00411777	-0.254535	0.0202806	2.18456	0.114827	-1.4446	-0.167818	0.0538481	-0.00743449	5.72224	0.0330045	-0.324693	-0.441359	2.8589700000000002	-1.59392	3.49484	-0.046460900000000006	612.543	3.27708	-0.043566	593.153	4.17945	0.0555622	669.857	4.14112	0.05505259999999999	666.779	img_SimpleFlight__0_1627900228103159100.png	0.6231563380989484	0.13105447574863027
SimpleFlight	0.375	0.622205	-0.649651	-30.8242	0.96839	-0.00924493	-0.24875100000000003	0.0160743	2.53345	0.11262	-1.27455	-0.131056	0.23425300000000002	-0.12455699999999999	3.37621	-0.06726019999999999	3.64647	0.368645	1.62495	-1.27759	2.31418	-0.030764999999999997	498.45	2.27671	-0.030266900000000003	494.398	3.17677	0.0422324	584.004	3.0967	0.041168	576.597	img_SimpleFlight__0_1627900228188719000.png	0.5988307011197171	0.12296378581680778
SimpleFlight	0.456	0.837707	-0.640813	-30.9144	0.971309	-0.0124731	-0.23735799999999999	0.00805022	2.7795	0.10486500000000001	-0.9416180000000001	-0.11657000000000001	0.342858	-0.21070300000000003	2.7588	-0.121296	4.4573599999999995	-0.297135	0.907302	-0.866347	1.5498399999999999	-0.0206038	407.912	1.51302	-0.0201143	403.037	2.1907799999999997	0.029124599999999997	484.978	2.15425	0.028638900000000002	480.918	img_SimpleFlight__0_1627900228276528500.png	0.5731118536766415	0.11624993953117728
SimpleFlight	0.54	1.08087	-0.632512	-30.9781	0.9749120000000001	-0.0148917	-0.222073	-0.00308374	3.00838	0.0918496	-0.579896	-0.113633	0.405458	-0.262725	2.66418	-0.187194	4.1894800000000005	-0.252705	0.473646	-0.40773899999999996	1.4855399999999999	-0.019749	399.361	1.46339	-0.0194545	396.37199999999996	1.8913900000000001	0.0251444	450.62300000000005	1.8705	0.0248667	448.12800000000004	img_SimpleFlight__0_1627900228363627200.png	0.5457580937948528	0.10906158437758239
SimpleFlight	0.621	1.33331	-0.6257659999999999	-31.011999999999997	0.9783790000000001	-0.016927099999999997	-0.205567	-0.0151733	3.2241	0.0737357	-0.26211599999999996	-0.116876	0.43098000000000003	-0.27943	2.65075	-0.26059299999999996	3.66152	-0.16735999999999998	0.180045	-0.0460185	1.63173	-0.0216925	418.55	1.61564	-0.021478599999999997	416.481	1.7930400000000002	0.0238369	438.751	1.79128	0.023813499999999998	438.535	img_SimpleFlight__0_1627900228448995700.png	0.5192266753359526	0.10140599553696919
SimpleFlight	0.702	1.6032	-0.620742	-31.022	0.9815200000000001	-0.019207	-0.188401	-0.027472900000000005	3.43946	0.0492062	0.0063416	-0.135021	0.43521000000000004	-0.27303499999999997	2.63773	-0.34546	3.0151	-0.49889399999999995	-0.0611865	0.113042	1.84142	-0.024480099999999998	444.631	1.8504	-0.0245995	445.714	1.81768	0.024164500000000002	441.755	1.80223	0.0239592	439.874	img_SimpleFlight__0_1627900228535389400.png	0.7202795085027389	0.24992484677441576
SimpleFlight	0.783	1.89042	-0.618001	-31.0123	0.9841620000000001	-0.0226876	-0.171293	-0.0396188	3.65176	0.0169638	0.22240700000000002	-0.16237000000000001	0.423163	-0.26369699999999996	2.58873	-0.452784	2.34329	0.47647700000000004	-0.256683	0.145377	1.98595	-0.026401599999999997	461.751	1.97425	-0.026246	460.38800000000003	1.92015	0.0255268	454.037	1.9387	0.025773400000000005	456.224	img_SimpleFlight__0_1627900228621328500.png	0.650564065144236	0.24026479208066692
SimpleFlight	0.861	2.18308	-0.6181770000000001	-30.9885	0.9861700000000001	-0.0268235	-0.155368	-0.0510964	3.85083	-0.0230122	0.379577	-0.177137	0.401962	-0.257472	2.49974	-0.572621	1.71901	-0.13070299999999999	-0.315211	0.0579572	2.0996799999999998	-0.0279134	474.788	2.10863	-0.028032400000000002	475.79900000000004	2.0411099999999998	0.0271349	468.12	2.04744	0.027219	468.845	img_SimpleFlight__0_1627900228705639400.png	0.5824150820641562	0.22964361366093694
SimpleFlight	0.939	2.49093	-0.621841	-30.9543	0.987642	-0.0313787	-0.140296	-0.06242280000000001	4.04079	-0.0726068	0.49185200000000007	-0.18195	0.37505900000000003	-0.25549499999999997	2.3693	-0.701055	1.15574	-0.541262	-0.34476599999999996	-0.036082800000000005	2.2149099999999997	-0.0294454	487.642	2.21971	-0.0295092	488.17	2.19085	0.0291255	484.98699999999997	2.2051	0.029314999999999997	486.561	img_SimpleFlight__0_1627900228789816700.png	0.514111690189452	0.21765291588352909
SimpleFlight	1.014	2.80049	-0.62937	-30.9145	0.988567	-0.035931	-0.126777	-0.0732953	4.21214	-0.12970399999999999	0.562836	-0.183389	0.346804	-0.258115	2.1828	-0.816021	0.802523	0.712864	-0.424512	-0.022759400000000003	2.2999400000000003	-0.0305757	496.914	2.30763	-0.0306779	497.744	2.3159	0.030787900000000003	498.635	2.32904	0.030962599999999996	500.048	img_SimpleFlight__0_1627900228874898700.png	0.44916731648489183	0.20483627749984223
SimpleFlight	1.095	3.1487	-0.6427189999999999	-30.866999999999997	0.9890620000000001	-0.0407415	-0.113347	-0.0851367	4.38258	-0.201619	0.6052390000000001	-0.174797	0.315608	-0.264472	2.00345	-0.9504370000000001	0.335013	-0.209439	-0.365843	-0.09030830000000001	2.38778	-0.0317436	506.315	2.40103	-0.0319196	507.717	2.4380599999999997	0.032412	511.61800000000005	2.44652	0.0325243	512.504	img_SimpleFlight__0_1627900228959523100.png	0.3808594724040151	0.18964722647502025
SimpleFlight	1.176	3.51004	-0.662301	-30.8172	0.9890760000000001	-0.0453524	-0.101146	-0.0971671	4.53622	-0.283394	0.62012	-0.168725	0.285483	-0.272812	1.78499	-1.06382	0.06655599999999999	0.19123099999999998	-0.36127600000000004	-0.0981277	2.45471	-0.0326333	513.362	2.4676	-0.032804599999999996	514.707	2.51294	0.033407400000000004	519.415	2.52149	0.033520999999999995	520.297	img_SimpleFlight__0_1627900229043506900.png	0.3155472724095488	0.17322693497953867
SimpleFlight	1.257	3.88309	-0.688858	-30.767	0.988662	-0.0495452	-0.09016039999999999	-0.109383	4.67208	-0.373752	0.616306	-0.15296700000000002	0.256783	-0.28042	1.5741	-1.1672799999999999	-0.172037	-0.33743	-0.321459	-0.0977755	2.5154099999999997	-0.0334403	519.67	2.51975	-0.033498	520.118	2.56395	0.0340856	524.66	2.57934	0.034290100000000004	526.232	img_SimpleFlight__0_1627900229129352300.png	0.25428370739910394	0.15579252584650582
SimpleFlight	1.335	4.25209	-0.721638	-30.7195	0.9879049999999999	-0.0531856	-0.0806613	-0.121741	4.79065	-0.471571	0.598176	-0.140375	0.230629	-0.285966	1.36636	-1.254	-0.33810999999999997	-0.163938	-0.289094	-0.0727602	2.54987	-0.0338984	523.2180000000001	2.57065	-0.0341746	525.345	2.59232	0.034462599999999996	527.554	2.59104	0.03444559999999999	527.424	img_SimpleFlight__0_1627900229212073500.png	0.20001665412691016	0.13749984423729836
SimpleFlight	1.41	4.6147599999999995	-0.760293	-30.6755	0.9868950000000001	-0.0562611	-0.0724568	-0.13275499999999998	4.88211	-0.5637270000000001	0.5736020000000001	-0.127306	0.209486	-0.288184	1.17661	-1.30351	-0.339925	0.5003380000000001	-0.293943	0.011214499999999999	2.60154	-0.0345853	528.492	2.60679	-0.034655	529.024	2.63473	0.0350265	531.852	2.64587	0.0351746	532.976	img_SimpleFlight__0_1627900229298117400.png	0.15293998329026023	0.12066065184789923
SimpleFlight	1.488	4.99899	-0.808315	-30.631999999999998	0.985534	-0.0598395	-0.0646542	-0.144783	4.96735	-0.6686479999999999	0.5388569999999999	-0.154652	0.191083	-0.296923	1.0068	-1.38868	-0.533246	-0.676642	-0.207244	-0.22675700000000001	2.6210000000000004	-0.034844	530.465	2.60233	-0.0345958	528.572	2.66797	0.035468400000000004	535.197	2.6987400000000004	0.0358775	538.274	img_SimpleFlight__0_1627900229379572000.png	0.2945110571999226	0.2588947738634656
SimpleFlight	1.566	5.38932	-0.864769	-30.5916	0.983773	-0.0641901	-0.0574398	-0.157388	5.03866	-0.779995	0.496141	-0.16251300000000002	0.17434000000000002	-0.318269	0.829728	-1.47745	-0.630061	-0.48431199999999996	-0.175334	-0.359123	2.59842	-0.034543800000000006	528.175	2.58766	-0.03440069999999999	527.08	2.73414	0.036348	541.793	2.75673	0.0366483	544.026	img_SimpleFlight__0_1627900229464807500.png	0.19729492817324915	0.2391160732818759
SimpleFlight	1.644	5.784680000000001	-0.9301719999999999	-30.5548	0.9815780000000001	-0.0686923	-0.0508597	-0.170878	5.09622	-0.8979860000000001	0.44894300000000004	-0.16053199999999998	0.159417	-0.34529899999999997	0.6451979999999999	-1.54094	-0.538533	1.04862	-0.23914499999999997	-0.29599899999999996	2.57833	-0.0342766	526.129	2.58237	-0.034330400000000004	526.5409999999999	2.7681400000000003	0.0368	545.151	2.77635	0.036909199999999996	545.9590000000001	img_SimpleFlight__0_1627900229547868400.png	0.1064216994182229	0.21828321401154607
SimpleFlight	1.725	6.19943	-1.00809	-30.5204	0.9788290000000001	-0.0731081	-0.0447131	-0.185873	5.14194	-1.02685	0.398964	-0.151653	0.145636	-0.37207199999999996	0.4768	-1.61971	-0.570591	0.570516	-0.187374	-0.267411	2.58219	-0.034328	526.523	2.58794	-0.034404500000000005	527.109	2.77484	0.036889099999999994	545.81	2.7804	0.036963	546.357	img_SimpleFlight__0_1627900229631464600.png	0.019690591259016992	0.19559114309346612
SimpleFlight	1.803	6.60181	-1.09321	-30.4913	0.975767	-0.0767818	-0.0393942	-0.201078	5.175	-1.16208	0.315811	-0.09482410000000001	0.16170299999999999	-0.390734	0.550061	-2.4812	-5.34373	5.26464	3.2375599999999998	-0.191333	2.59009	-0.034433099999999994	527.328	2.6073	-0.0346619	529.077	2.73446	0.036352300000000004	541.825	2.72915	0.03628169999999999	541.298	img_SimpleFlight__0_1627900229714857000.png	0.05565294244868644	0.1718067884123579
SimpleFlight	1.887	7.03826	-1.19989	-30.4856	0.972292	-0.077783	-0.0332231	-0.21793	5.21195	-1.37327	-0.152859	-0.0753553	0.150452	-0.399111	0.25454499999999997	-2.16426	-3.49005	-1.1214	-0.24160900000000002	-0.0289235	4.0641	-0.05402869999999999	660.549	4.03867	-0.053690699999999994	658.4789999999999	4.07777	0.0542105	661.659	4.17148	0.055456200000000004	669.2189999999999	img_SimpleFlight__0_1627900229799870000.png	0.12411565797612602	0.13506958752901707
SimpleFlight	1.968	7.460960000000001	-1.31748	-30.5049	0.968567	-0.07923960000000001	-0.0283879	-0.234079	5.22189	-1.52381	-0.286898	-0.07933589999999999	0.126653	-0.39321	0.0273622	-1.68439	-0.606776	-0.273581	-0.225555	0.133993	3.03867	-0.0403966	571.17	3.06425	-0.0407366	573.568	3.01753	0.0401155	569.179	3.01435	0.040073199999999996	568.879	img_SimpleFlight__0_1627900229883002600.png	0.1772369506088464	0.10877106758515094
SimpleFlight	2.046	7.8681	-1.4397	-30.5186	0.964657	-0.0824676	-0.0250861	-0.24900999999999998	5.21548	-1.59822	0.00602474	-0.107563	0.0910387	-0.376252	-0.127631	-0.7655609999999999	4.93553	-1.9948	-0.11314600000000001	0.19906400000000002	1.7320200000000001	-0.0230257	431.22	1.7040099999999998	-0.0226534	427.72	1.5469700000000002	0.020565700000000003	407.534	1.70545	0.022672499999999998	427.9	img_SimpleFlight__0_1627900229966037500.png	0.0020184751597266855	0.252426234326655
SimpleFlight	2.127	8.29009	-1.5722	-30.5048	0.9604309999999999	-0.0864469	-0.021621099999999997	-0.263879	5.20284	-1.68455	0.274974	-0.138264	0.0863286	-0.367244	-0.196417	-1.44899	1.27501	1.04379	-0.12163	0.08624580000000001	1.34705	-0.0179078	380.29	1.34607	-0.017894900000000002	380.152	1.2586700000000002	0.016732900000000002	367.602	1.27634	0.016967799999999998	370.17400000000004	img_SimpleFlight__0_1627900230050423400.png	0.10549587238782006	0.23665510122857913
SimpleFlight	2.205	8.69517	-1.70898	-30.4846	0.956269	-0.0888795	-0.018052900000000004	-0.278071	5.18067	-1.8465599999999998	0.11561300000000001	-0.0385305	0.134279	-0.37038499999999996	-0.398246	-2.8254099999999998	-6.12309	-3.15972	-0.936132	-0.07124370000000001	2.3479400000000004	-0.0312139	502.07300000000004	2.3742900000000002	-0.0315641	504.88199999999995	2.3584400000000003	0.0313535	503.194	2.33493	0.031041000000000003	500.68	img_SimpleFlight__0_1627900230133437200.png	0.20052546930260395	0.20738477175337883
SimpleFlight	2.277	9.06705	-1.84896	-30.4905	0.952268	-0.0900953	-0.0146792	-0.291296	5.14849	-2.0320099999999996	-0.22855	-0.07905319999999999	0.10575899999999999	-0.376315	-0.463714	-2.15605	-2.4931400000000004	-1.15096	-0.310354	-0.10296	3.11939	-0.041469599999999995	578.706	3.0978	-0.0411826	576.7	3.16035	0.0420142	582.493	3.19775	0.042511400000000005	585.93	img_SimpleFlight__0_1627900230219133900.png	0.2754796653428859	0.17386627397590423
SimpleFlight	2.349	9.43651	-2.0004299999999997	-30.5111	0.9479860000000001	-0.0915712	-0.0116711	-0.304633	5.11442	-2.16701	-0.296926	-0.10761300000000001	0.0823038	-0.380992	-0.355224	-0.958152	4.04053	-6.688910000000001	-2.47465	-0.0510084	3.01281	-0.0400528	568.734	3.0141	-0.0400699	568.856	3.06102	0.040693599999999996	573.266	3.07274	0.0408494	574.362	img_SimpleFlight__0_1627900230300189000.png	0.3393725793681266	0.14900467994922506
SimpleFlight	2.424	9.81913	-2.16527	-30.5198	0.943075	-0.0955408	-0.00920558	-0.318429	5.08809	-2.22825	0.0692765	-0.12679100000000001	0.06607389999999999	-0.38055500000000003	-0.382986	-0.86579	4.67474	-0.339982	-0.295931	0.037270099999999994	1.23645	-0.016437599999999997	364.344	1.26366	-0.0167993	368.33099999999996	1.27583	0.0169611	370.1	1.25379	0.016668099999999998	366.89	img_SimpleFlight__0_1627900230383343900.png	0.3987417755076137	0.13700366064813277
SimpleFlight	2.502	10.2146	-2.34269	-30.5052	0.937924	-0.0981775	-0.00688707	-0.332584	5.04743	-2.33088	0.253481	-0.0789044	0.06943289999999999	-0.374594	-0.63254	-1.61984	0.8126479999999999	1.77279	-0.015783000000000002	0.148642	1.91545	-0.0254643	453.48	1.92157	-0.025545599999999998	454.204	1.88133	0.0250106	449.423	1.8676099999999998	0.024828299999999998	447.782	img_SimpleFlight__0_1627900230466087300.png	0.4540988649361282	0.1171591347414174
SimpleFlight	2.586	10.6359	-2.5451900000000003	-30.4862	0.9325969999999999	-0.09776080000000001	-0.00479312	-0.347394	4.97651	-2.51527	0.0679597	0.0477217	0.11165699999999999	-0.360212	-1.09985	-2.88154	-5.99636	-3.8786	-1.0951600000000001	0.236436	2.51895	-0.033487300000000005	520.035	2.50751	-0.0333353	518.8530000000001	2.4344799999999998	0.0323643	511.24199999999996	2.44448	0.0324973	512.29	img_SimpleFlight__0_1627900230549685200.png	0.5015678769692536	0.08179773955044228
SimpleFlight	2.664	11.0209	-2.74953	-30.4963	0.927774	-0.09627260000000001	-0.00277415	-0.360498	4.89633	-2.71109	-0.26419899999999996	-0.0269485	0.0901092	-0.344289	-0.915005	-2.04248	-1.9342099999999998	-0.854657	-0.202127	0.11290399999999999	4.09058	-0.0543808	662.698	4.11555	-0.054712699999999996	664.717	3.95566	0.0525871	651.677	3.9555	0.0525851	651.664	img_SimpleFlight__0_1627900230632704900.png	0.3365156185839273	0.20118012221924356
SimpleFlight	2.745	11.415	-2.97425	-30.5156	0.922399	-0.09819960000000001	-0.00034832699999999995	-0.373546	4.84243	-2.81399	-0.0847652	-0.0870723	0.059874300000000005	-0.339706	-0.504428	-0.772576	4.95564	2.7385	0.973042	-0.0281461	2.8469599999999997	-0.037847900000000004	552.8580000000001	2.85264	-0.0379234	553.409	2.79333	0.0371349	547.626	2.7887299999999997	0.037073800000000004	547.175	img_SimpleFlight__0_1627900230714848500.png	0.4215846658412136	0.18044351450239965
SimpleFlight	2.823	11.790999999999999	-3.19643	-30.509	0.91701	-0.10045499999999999	0.00191158	-0.38600100000000004	4.79375	-2.89252	0.204454	-0.0758531	0.0654696	-0.341925	-0.816501	-1.39509	1.63704	-0.5080359999999999	0.0431293	-0.06451509999999999	1.2644799999999998	-0.0168101	368.45	1.2192	-0.0162083	361.79400000000004	1.23774	0.0164547	364.534	1.2939200000000002	0.017201599999999997	372.715	img_SimpleFlight__0_1627900230799577400.png	0.49683013457634756	0.16394699298730292
SimpleFlight	2.898	12.148	-3.41775	-30.4914	0.9116860000000001	-0.101784	0.00391711	-0.39806199999999997	4.71854	-3.02197	0.194432	0.013328799999999998	0.0928943	-0.346821	-1.52166	-2.73584	-5.56952	6.7497300000000005	2.20802	-0.0551399	2.23841	-0.0297577	490.222	2.26143	-0.030063799999999998	492.73699999999997	2.2661700000000002	0.0301267	493.25199999999995	2.2476	0.029879900000000004	491.227	img_SimpleFlight__0_1627900230881606800.png	0.5603900395236249	0.13722882855471077
SimpleFlight	2.979	12.5251	-3.6714900000000004	-30.4946	0.9060290000000001	-0.0996459	0.00571111	-0.41127700000000006	4.59549	-3.23409	-0.23091	0.016037	0.0896384	-0.349451	-1.33083	-2.14555	-2.89463	-0.500352	-0.09920549999999999	0.00355968	4.12754	-0.0548721	665.685	4.07185	-0.0541318	661.179	4.07735	0.0542049	661.625	4.170730000000001	0.05544630000000001	669.159	img_SimpleFlight__0_1627900230965187400.png	0.6123514888375852	0.09361801088234879
SimpleFlight	3.06	12.8934	-3.9394099999999996	-30.5171	0.900065	-0.0991392	0.00738304	-0.424263	4.5115	-3.35815	-0.199587	-0.116773	0.0378152	-0.34286	-0.6133890000000001	-0.711538	4.9514	0.647556	-0.039583099999999996	0.109171	2.9643200000000003	-0.039408099999999995	564.138	2.9732	-0.0395262	564.9830000000001	2.92583	0.0388964	560.4630000000001	2.92495	0.0388847	560.379	img_SimpleFlight__0_1627900231048360200.png	0.647815238734032	0.06698091974821575
SimpleFlight	3.141	13.2568	-4.21381	-30.5173	0.894013	-0.0999649	0.00878952	-0.436658	4.45745	-3.4210300000000005	0.170527	-0.016688099999999997	0.05740880000000001	-0.326394	-0.8539200000000001	-1.06199	2.89964	1.1521700000000001	0.22399899999999998	0.24188	1.29582	-0.0172268	372.98800000000006	1.31552	-0.0174887	375.81300000000005	1.22458	0.0162797	362.591	1.1794799999999999	0.015680200000000002	355.852	img_SimpleFlight__0_1627900231131775400.png	0.6751692625365725	0.052259868019944124
SimpleFlight	3.219	13.6015	-4.48444	-30.4986	0.8885209999999999	-0.09932819999999999	0.00977614	-0.44785	4.37747	-3.52308	0.279517	-0.0110969	0.061378199999999994	-0.304363	-1.13701	-1.45125	0.469664	-0.10355199999999999	0.0456733	0.281546	2.09669	-0.0278738	474.45	2.08842	-0.027763799999999998	473.51300000000003	1.93892	0.0257763	456.25	1.9457400000000002	0.025867	457.05199999999996	img_SimpleFlight__0_1627900231214778100.png	0.48086522719612634	0.18626427861197983
SimpleFlight	3.297	13.9384	-4.76518	-30.4846	0.8833280000000001	-0.09694839999999999	0.0109507	-0.45848900000000004	4.24993	-3.69219	-0.029967900000000002	-0.00408687	0.0827486	-0.29516	-1.86075	-2.44551	-5.97467	-1.3614600000000001	-0.60035	0.0222558	2.5333099999999997	-0.0336782	521.515	2.55448	-0.033959699999999995	523.69	2.43476	0.032368	511.27099999999996	2.41404	0.0320926	509.091	img_SimpleFlight__0_1627900231296999200.png	0.5547199519185606	0.1486502965672035
SimpleFlight	3.375	14.2649	-5.0595300000000005	-30.499000000000002	0.878008	-0.09514910000000001	0.012402600000000001	-0.468929	4.127759999999999	-3.8438800000000004	-0.27678	0.00618333	0.078291	-0.295462	-1.36826	-1.5994700000000002	-1.25724	0.361663	-0.00554312	-0.05325980000000001	3.6055699999999997	-0.047932999999999996	622.1709999999999	3.6425099999999997	-0.0484241	625.35	3.64115	0.0484059	625.2330000000001	3.5903400000000003	0.0477305	620.856	img_SimpleFlight__0_1627900231380121500.png	0.6118274666609818	0.11413601604532889
SimpleFlight	3.453	14.5834	-5.36325	-30.5185	0.872337	-0.09559089999999999	0.014164099999999999	-0.479261	4.05012	-3.92553	-0.11074	-0.060432400000000004	0.0450277	-0.297768	-0.688869	-0.599446	4.95303	4.13812	1.0699299999999998	-0.031795699999999996	2.7479	-0.036531	543.155	2.73234	-0.0363241	541.615	2.76345	0.0367377	544.689	2.7791	0.0369458	546.23	img_SimpleFlight__0_1627900231463295000.png	0.6567664054657473	0.09415984318749117
SimpleFlight	3.531	14.8971	-5.67138	-30.5128	0.866498	-0.0962863	0.015711199999999998	-0.489554	3.98864	-3.98052	0.21976700000000002	-0.0328094	0.0557556	-0.298707	-1.03566	-0.9939379999999999	2.32935	0.446416	0.0788486	0.027802499999999997	1.26424	-0.016807	368.416	1.22955	-0.0163458	363.32599999999996	1.24171	0.016507499999999998	365.11800000000005	1.2798399999999999	0.0170144	370.68199999999996	img_SimpleFlight__0_1627900231545078200.png	0.6951913297424978	0.07955874395444061
SimpleFlight	3.609	15.2046	-5.98535	-30.4918	0.8606520000000001	-0.0959861	0.0168602	-0.49978100000000003	3.88823	-4.07954	0.254527	0.0464508	0.0740385	-0.295892	-2.04636	-2.14215	-5.41937	6.83546	2.0918900000000002	0.055885300000000006	2.18203	-0.029008199999999998	484.00800000000004	2.20404	-0.0293008	486.444	2.16891	0.0288339	482.55199999999996	2.15017	0.028584699999999998	480.463	img_SimpleFlight__0_1627900231627160600.png	0.7251089604302786	0.05453394655451659
SimpleFlight	3.687	15.5016	-6.31011	-30.4896	0.8551040000000001	-0.09221950000000001	0.017139599999999998	-0.509901	3.73092	-4.24024	-0.16054300000000002	0.075008	0.07624199999999999	-0.287004	-1.71514	-1.66798	-3.02133	-0.525651	0.0848293	0.150336	4.1706	-0.055444600000000004	669.148	4.12324	-0.0548149	665.3380000000001	4.071359999999999	0.0541252	661.1389999999999	4.137169999999999	0.05500019999999999	666.461	img_SimpleFlight__0_1627900231709833000.png	0.7400347840377779	0.014731214607914217
SimpleFlight	3.765	15.7879	-6.64531	-30.5075	0.849665	-0.0889926	0.0173438	-0.51947	3.6142	-4.3486	-0.266904	0.0593932	0.0689006	-0.269355	-1.36148	-1.21074	-0.368154	0.14921500000000001	-0.10015	0.309942	3.1454	-0.0418154	581.114	3.13402	-0.0416642	580.061	3.00978	0.0400125	568.448	3.03275	0.04031780000000001	570.612	img_SimpleFlight__0_1627900231793169200.png	0.5008573333698473	0.14365076281215716
SimpleFlight	3.843	16.0674	-6.98625	-30.5153	0.8442270000000001	-0.0890461	0.0184093	-0.528217	3.55566	-4.38986	0.091331	-0.037096699999999996	0.0484444	-0.254763	-0.7149220000000001	-0.476049	4.93555	-0.951958	-0.338173	0.100148	1.37195	-0.018238900000000002	383.789	1.3355700000000001	-0.017755200000000002	378.666	1.14161	0.0151767	350.091	1.24858	0.0165989	366.12699999999995	img_SimpleFlight__0_1627900231877098100.png	0.5610295986525587	0.13101270037465215
SimpleFlight	3.918	16.3316	-7.3173	-30.4982	0.839038	-0.0892514	0.0197176	-0.536339	3.4819699999999996	-4.44488	0.311146	-0.029743099999999998	0.05008030000000001	-0.252882	-1.23504	-0.967858	1.07485	-0.0544116	0.0008466589999999999	-0.0658807	1.47619	-0.019624700000000002	398.102	1.48308	-0.0197163	399.03	1.45995	0.0194088	395.906	1.4499799999999998	0.0192763	394.55199999999996	img_SimpleFlight__0_1627900231958262500.png	0.6133239802256976	0.11473722635636237
SimpleFlight	3.996	16.5978	-7.668489999999999	-30.4829	0.833678	-0.0871678	0.0205785	-0.5449390000000001	3.3309800000000003	-4.57139	-0.0181833	0.00738049	0.0656934	-0.259158	-2.0603700000000003	-1.70032	-5.20385	1.59741	-0.219923	-0.0639719	3.4758699999999996	-0.0462088	610.879	3.53738	-0.0470265	616.26	3.6263699999999996	0.0482096	623.964	3.4845099999999998	0.046323699999999995	611.638	img_SimpleFlight__0_1627900232041783700.png	0.6568005210341616	0.0799230334549824
SimpleFlight	4.077	16.8617	-8.04348	-30.4951	0.8278459999999999	-0.0851226	0.021384	-0.554048	3.19216	-4.67949	-0.225944	0.0235553	0.0639731	-0.266744	-1.49759	-1.09913	-0.917034	0.46262600000000004	-0.012579700000000001	-0.0508642	3.34226	-0.0444325	599.0219999999999	3.3386099999999996	-0.044384	598.695	3.4014800000000003	0.045219800000000004	604.306	3.3967699999999996	0.045157199999999995	603.888	img_SimpleFlight__0_1627900232123778100.png	0.685880523624372	0.0488733536956763
SimpleFlight	4.149	17.0879	-8.38296	-30.5116	0.822401	-0.08424960000000001	0.0222554	-0.562195	3.10375	-4.73968	-0.144509	-0.08669439999999999	0.025577900000000004	-0.269215	-0.7320439999999999	-0.381728	4.9160900000000005	-0.851771	-0.396235	-0.00308435	2.68764	-0.0357299	537.1659999999999	2.6674599999999997	-0.0354617	535.146	2.7128799999999997	0.0360655	539.683	2.73285	0.0363309	541.665	img_SimpleFlight__0_1627900232206786800.png	0.7013699160514996	0.029994095741428
SimpleFlight	4.227	17.3278	-8.75382	-30.5079	0.8163520000000001	-0.08464760000000002	0.023284400000000004	-0.570843	3.04448	-4.77038	0.22787399999999997	-0.010730400000000001	0.0405736	-0.264596	-0.9174690000000001	-0.513437	3.65929	2.02434	0.15774200000000002	0.132642	1.2632299999999999	-0.0167936	368.26800000000003	1.272	-0.0169101	369.54400000000004	1.2553	0.016688099999999997	367.11	1.2248700000000001	0.016283600000000002	362.63300000000004	img_SimpleFlight__0_1627900232290195800.png	0.7121444737694896	0.018259973060056164
SimpleFlight	4.308	17.5701	-9.14289	-30.4864	0.810384	-0.08240739999999999	0.0233067	-0.5796060000000001	2.9159900000000003	-4.8547400000000005	0.128218	0.0994142	0.0746145	-0.253246	-2.23113	-1.54093	-6.11707	-3.26483	-0.830699	0.200435	2.00178	-0.026612	463.587	1.99365	-0.0265039	462.645	1.9257900000000001	0.025601699999999998	454.70300000000003	1.93258	0.025692000000000003	455.504	img_SimpleFlight__0_1627900232372898400.png	0.715450669018452	0.008882860282705038
SimpleFlight	4.386	17.7915	-9.52564	-30.4902	0.804925	-0.07938089999999999	0.023117	-0.587588	2.7697599999999998	-4.95092	-0.157735	0.024098500000000002	0.058719900000000005	-0.239175	-1.5661100000000001	-0.968038	-1.5031	-0.6859770000000001	-0.173287	0.10101399999999999	3.92115	-0.0521284	648.828	3.91307	-0.052021000000000005	648.16	3.78822	0.050361199999999995	637.736	3.8227	0.0508195	640.631	img_SimpleFlight__0_1627900232455963000.png	0.5072200646395987	0.11736549276541373
SimpleFlight	4.461	17.9951	-9.899469999999999	-30.5047	0.7996880000000001	-0.07769019999999999	0.023659	-0.5948979999999999	2.66071	-5.01541	-0.209723	0.0057485	0.05403480000000001	-0.23611500000000002	-1.08731	-0.56514	2.0694	-2.9501	-0.943104	-0.032318599999999996	2.75663	-0.036647000000000006	544.0169999999999	2.75704	-0.0366526	544.058	2.71476	0.0360905	539.87	2.71374	0.0360769	539.768	img_SimpleFlight__0_1627900232537959600.png	0.5522633899378577	0.09505521264843904
SimpleFlight	4.542	18.2081	-10.3068	-30.5066	0.7936949999999999	-0.07886649999999999	0.0253453	-0.602649	2.6004	-5.039680000000001	0.17446199999999998	-0.0593961	0.0366325	-0.24186999999999997	-0.739566	-0.283458	4.8606300000000005	0.185598	-0.220651	-0.0660629	1.22128	-0.0162359	362.102	1.24959	-0.0166122	366.275	1.29788	0.0172542	373.285	1.25389	0.0166694	366.904	img_SimpleFlight__0_1627900232620074400.png	0.5931712878574901	0.08365470858028909
SimpleFlight	4.62	18.4074	-10.7016	-30.487	0.787784	-0.07832330000000001	0.0263093	-0.6103850000000001	2.48468	-5.10013	0.141657	0.056018700000000005	0.0704509	-0.251164	-2.27878	-1.28867	-6.158119999999999	-2.70261	-0.560345	-0.11863699999999999	1.49222	-0.0198378	400.25699999999995	1.5166600000000001	-0.020162700000000002	403.522	1.57902	0.0209917	411.73400000000004	1.5499100000000001	0.0206047	407.921	img_SimpleFlight__0_1627900232703052900.png	0.6262170595892506	0.060639817313731
SimpleFlight	4.698	18.595	-11.1028	-30.4899	0.781668	-0.0766109	0.026803300000000002	-0.618391	2.33412	-5.1803	-0.146928	0.0124993	0.053958000000000006	-0.258857	-1.62329	-0.802031	-1.52341	-0.36944899999999997	-0.180035	-0.0822169	3.6884900000000003	-0.04903540000000001	629.285	3.7029699999999997	-0.0492278	630.519	3.74664	0.0498084	634.226	3.7479699999999996	0.0498261	634.339	img_SimpleFlight__0_1627900232785048000.png	0.6460042668234934	0.030633927331709495
SimpleFlight	4.776	18.7724	-11.5091	-30.5041	0.775354	-0.0750571	0.0271495	-0.626462	2.21717	-5.23514	-0.19833199999999998	0.017886799999999998	0.048862699999999995	-0.25998699999999997	-1.11303	-0.448427	2.10202	-2.92993	-0.8860180000000001	0.025825999999999998	2.7518	-0.036582800000000006	543.54	2.75431	-0.036616199999999995	543.7869999999999	2.78527	0.0370278	546.835	2.78211	0.0369858	546.525	img_SimpleFlight__0_1627900232866765300.png	0.6544162173210623	0.007914653595634973
SimpleFlight	4.851	18.9365	-11.9024	-30.5061	0.769143	-0.0755477	0.028045999999999998	-0.633976	2.16046	-5.251930000000001	0.156364	-0.0239043	0.0334575	-0.253933	-0.7339600000000001	-0.202968	4.919169999999999	-0.796385	-0.261176	0.144807	1.31072	-0.017424900000000004	375.12699999999995	1.27657	-0.016971	370.208	1.20814	0.0160611	360.148	1.29939	0.0172743	373.50199999999995	img_SimpleFlight__0_1627900232948470900.png	0.6555154546569727	0.0024338764811603028
SimpleFlight	4.929	19.1019	-12.3131	-30.4852	0.763008	-0.07424889999999999	0.028029200000000004	-0.6414989999999999	2.0547400000000002	-5.29462	0.196546	0.0999529	0.06615689999999999	-0.23994899999999997	-2.28329	-1.05921	-6.19085	-1.9424	0.0271295	0.128914	1.4581899999999999	-0.019385299999999998	395.667	1.48412	-0.0197301	399.16900000000004	1.39865	0.018593900000000003	387.505	1.37077	0.0182232	383.62300000000005	img_SimpleFlight__0_1627900233032692700.png	0.4302374752057815	0.13456965584470973
SimpleFlight	5.007	19.2559	-12.729000000000001	-30.4846	0.757083	-0.0722313	0.028162599999999996	-0.648702	1.90258	-5.36101	-0.11288	0.00302011	0.051591099999999994	-0.236002	-1.6308200000000002	-0.6532600000000001	-1.7298900000000001	-1.49448	-0.14872	-0.0564996	3.9361599999999997	-0.0523279	650.069	3.8807400000000003	-0.05159119999999999	645.477	3.8249	0.050848800000000006	640.815	3.91474	0.0520431	648.297	img_SimpleFlight__0_1627900233115357300.png	0.4828925161193529	0.10540690729182307
SimpleFlight	5.088	19.4049	-13.1651	-30.4973	0.750693	-0.0713434	0.0290737	-0.656144	1.7802099999999998	-5.4069	-0.181393	-0.0118924	0.0477466	-0.24313800000000002	-1.44013	-0.507694	-0.314216	0.8839030000000001	-0.0659242	-0.07964969999999999	2.76133	-0.0367096	544.481	2.77183	-0.036849099999999996	545.514	2.8227700000000002	0.0375264	550.505	2.81387	0.037408	549.635	img_SimpleFlight__0_1627900233195894200.png	0.525970111081047	0.08244964146196616
SimpleFlight	5.163	19.5347	-13.5719	-30.5095	0.74441	-0.0717702	0.030496499999999996	-0.663154	1.69278	-5.43358	-0.0546698	-0.10822799999999999	0.016355500000000002	-0.252882	-0.725705	-0.128178	4.9129	2.05373	0.30075999999999997	-0.139776	2.5451900000000003	-0.0338361	522.737	2.5510099999999998	-0.033913599999999995	523.335	2.60845	0.0346772	529.194	2.60463	0.034626300000000006	528.805	img_SimpleFlight__0_1627900233278871300.png	0.5572181527320822	0.06639100691409584
SimpleFlight	5.241	19.6645	-13.9961	-30.499000000000002	0.7375109999999999	-0.0730439	0.032138	-0.670604	1.63191	-5.444780000000001	0.305638	-0.043777699999999996	0.0313822	-0.261738	-1.02242	-0.242186	3.03809	0.273615	0.183176	-0.12168499999999999	1.2029100000000001	-0.0159917	359.369	1.2261	-0.0163	362.816	1.32184	0.0175728	376.715	1.2646700000000002	0.0168127	368.478	img_SimpleFlight__0_1627900233360744900.png	0.5844042450520244	0.055580535665462505
SimpleFlight	5.319	19.7863	-14.4226	-30.482	0.7305119999999999	-0.07182310000000001	0.0324996	-0.678334	1.4746299999999999	-5.4961400000000005	0.0170366	0.00139733	0.045524300000000004	-0.26689	-2.09944	-0.6719470000000001	-4.34751	1.48676	-0.138753	0.00377006	3.81475	-0.0507139	639.965	3.8927300000000002	-0.0517505	646.4730000000001	3.9791300000000005	0.0528991	653.6080000000001	3.82234	0.0508148	640.601	img_SimpleFlight__0_1627900233443739800.png	0.6032744536719176	0.026509872187820104
SimpleFlight	5.394	19.8916	-14.8364	-30.4885	0.723681	-0.07037769999999999	0.0325393	-0.685765	1.34132	-5.53505	-0.148829	0.022986000000000003	0.045192199999999995	-0.265459	-1.57283	-0.41813900000000004	-0.8810819999999999	0.22240100000000002	0.0250608	0.0738954	3.24011	-0.0430745	589.798	3.258	-0.043312300000000005	591.423	3.25672	0.0432954	591.308	3.22974	0.042936699999999994	588.8530000000001	img_SimpleFlight__0_1627900233525560800.png	0.6090653147262184	0.002129399256785198
SimpleFlight	5.472	19.9917	-15.2693	-30.5017	0.716684	-0.06878839999999999	0.0323921	-0.693241	1.22515	-5.563969999999999	-0.17891600000000002	0.0260185	0.0438184	-0.25468	-1.43707	-0.336791	-0.10493399999999999	-0.191442	0.00350763	0.168012	2.6615599999999997	-0.0353832	534.554	2.67	-0.0354953	535.4	2.58442	0.0343577	526.75	2.57917	0.0342879	526.215	img_SimpleFlight__0_1627900233606998000.png	0.36289203028972655	0.13819504326634563
SimpleFlight	5.55	20.0841	-15.7038	-30.5074	0.709861	-0.0690049	0.0332015	-0.700167	1.15493	-5.5738	0.104369	-0.019012599999999998	0.0324214	-0.24059499999999998	-0.721917	-0.0520685	4.91337	-0.342169	0.0918251	0.17894100000000002	1.55504	-0.0206729	408.595	1.4712	-0.0195584	397.42900000000003	1.33534	0.017752200000000003	378.63300000000004	1.4941799999999998	0.0198639	400.52099999999996	img_SimpleFlight__0_1627900233690066500.png	0.42091671483291876	0.1257757847987213
SimpleFlight	5.628	20.1718	-16.1388	-30.4853	0.70322	-0.06938989999999999	0.0344871	-0.706737	1.07901	-5.58384	0.35830300000000004	0.0224894	0.0559929	-0.23505700000000002	-2.30078	-0.563246	-5.65298	5.66531	1.78784	-0.00266066	1.2963	-0.0172333	373.05800000000005	1.2839	-0.0170684	371.27	1.20622	0.0160357	359.86300000000006	1.2289	0.016337200000000003	363.23	img_SimpleFlight__0_1627900233772255900.png	0.47421665835970406	0.1123454336407035
SimpleFlight	5.706	20.249000000000002	-16.576	-30.475	0.6966	-0.06765449999999999	0.03509280000000001	-0.7134	0.9063969999999999	-5.6232	-0.0462115	-0.000214511	0.0586694	-0.24238400000000002	-1.8658400000000002	-0.364614	-2.8570900000000004	-1.52395	0.141871	-0.21205700000000002	4.13604	-0.0549851	666.37	4.07786	-0.054211699999999995	661.6669999999999	4.07826	0.054216999999999994	661.699	4.174919999999999	0.055501999999999996	669.495	img_SimpleFlight__0_1627900233854434600.png	0.5168763598716895	0.08127438099954569
SimpleFlight	5.784	20.3144	-17.0155	-30.4841	0.689384	-0.0672429	0.036935	-0.720322	0.776087	-5.644830000000001	-0.161629	-0.0503385	0.0612957	-0.26429400000000003	-1.56956	-0.218529	-0.708387	-1.35507	0.159807	-0.41010100000000005	2.8833599999999997	-0.038331800000000006	556.381	2.87597	-0.0382335	555.668	3.0071	0.0399768	568.194	3.01713	0.0401102	569.1419999999999	img_SimpleFlight__0_1627900233935643300.png	0.5475919809254455	0.0580899367038408
SimpleFlight	5.862	20.3702	-17.4564	-30.4983	0.681113	-0.0677755	0.0400818	-0.727932	0.654688	-5.659	-0.19782	-0.0970988	0.0729077	-0.303016	-1.5626200000000001	-0.147255	-0.319083	0.784308	-0.018542700000000002	-0.55157	2.5325599999999997	-0.033668300000000005	521.439	2.52791	-0.0336064	520.9590000000001	2.77662	0.0369128	545.985	2.7769	0.036916500000000005	546.013	img_SimpleFlight__0_1627900234017729400.png	0.5686273528413488	0.03663785266872102
SimpleFlight	5.937	20.4158	-17.8811	-30.5085	0.671479	-0.07185810000000001	0.0462841	-0.736078	0.572661	-5.66049	0.0185833	-0.232327	0.0610489	-0.357376	-0.817298	0.061083000000000005	4.92834	2.25696	1.52242	-0.935112	2.44123	-0.032454000000000004	511.95	2.42161	-0.0321932	509.88800000000003	2.77694	0.0369171	546.0169999999999	2.7873200000000002	0.037055000000000005	547.0369999999999	img_SimpleFlight__0_1627900234100852700.png	0.580765205303964	0.022285233335388475
SimpleFlight	6.018	20.4594	-18.3393	-30.4909	0.6584409999999999	-0.0781029	0.055986400000000006	-0.7464729999999999	0.498212	-5.6544099999999995	0.396189	-0.292714	0.108392	-0.447504	-2.15348	-0.0246049	-1.43747	9.16665	3.1202099999999997	-1.3376299999999999	1.01536	-0.013498300000000001	330.166	0.9363670000000001	-0.012448200000000001	317.063	1.4901	0.019809599999999997	399.973	1.57352	0.0209186	411.01599999999996	img_SimpleFlight__0_1627900234183865100.png	0.588280843392228	0.009343569201461177
SimpleFlight	6.096	20.49	-18.7804	-30.4722	0.642559	-0.0796786	0.0649353	-0.759311	0.282501	-5.652880000000001	0.0727419	-0.29985300000000004	0.19608599999999998	-0.572836	-2.89842	0.133197	-4.23831	2.7336099999999997	0.45728199999999997	-1.86392	3.2937	-0.043786900000000004	594.655	3.27129	-0.043489099999999996	592.629	4.14465	0.0550996	667.063	4.07178	0.054130899999999996	661.173	img_SimpleFlight__0_1627900234266133500.png		
SimpleFlight	6.174	20.5032	-19.2206	-30.4776	0.620454	-0.0840214	0.08222439999999999	-0.775381	0.0560172	-5.63009	-0.196069	-0.568589	0.36904499999999996	-0.776624	-2.95626	0.4753	-2.77378	-4.68036	3.6564	-3.2368200000000003	2.97973	-0.039613	565.6030000000001	2.8668099999999996	-0.03811180000000001	554.7819999999999	4.126869999999999	0.054863199999999994	665.6310000000001	4.17769	0.0555389	669.717	img_SimpleFlight__0_1627900234349817100.png		
SimpleFlight	6.252	20.4986	-19.6578	-30.4994	0.587404	-0.0877439	0.115455	-0.796196	-0.178756	-5.57222	-0.346938	-0.977211	0.8751950000000001	-1.08294	-3.20719	1.10496	-1.57482	-11.3504	15.9852	-3.9829	2.2412799999999997	-0.0297959	490.537	2.03272	-0.027023200000000004	467.155	4.17333	0.0554809	669.367	4.17422	0.0554927	669.438	img_SimpleFlight__0_1627900234431860200.png		
SimpleFlight	6.33	20.4767	-20.089000000000002	-30.5229	0.534353	-0.0780967	0.18574300000000002	-0.820894	-0.35758	-5.480919999999999	-0.157378	-0.965412	2.08792	-1.4312200000000002	-1.64923	1.28191	5.03383	-9.92327	-3.83567	-4.120369999999999	1.97796	-0.026295299999999997	460.82	0.55917	-0.00743368	245.016	3.6697699999999998	0.048786500000000003	627.686	4.15325	0.0552139	667.755	img_SimpleFlight__0_1627900234514203300.png		
SimpleFlight	6.399	20.4451	-20.4606	-30.5316	0.47637299999999994	-0.0109165	0.212281	-0.8531629999999999	-0.5607409999999999	-5.2611099999999995	-0.14216600000000001	0.420504	2.4838400000000003	-1.34655	-2.65809	4.28371	-1.08283	-15.0612	-0.9469870000000001	3.6791400000000003	4.10712	-0.054600699999999995	664.0360000000001	3.7332199999999998	-0.04963	633.089	1.68422	0.0223903	425.228	1.9891599999999998	0.0264442	462.12300000000005	img_SimpleFlight__0_1627900234596705400.png		
