Vehicle2Name	TimeStamp	POS_X	POS_Y	POS_Z	Q_W	Q_X	Q_Y	Q_Z	v_X	v_Y	v_Z	av_X	av_Y	av_Z	a_X	a_Y	a_Z	aa_X	aa_Y	aa_Z	thrust0	torque0	speed0	thrust1	torque1	speed1	thrust2	torque2	speed2	thrust3	torque3	speed3	ImageImageFile	ctes	Theta_e
SimpleFlight	0.0	0.0714993	-1.9195799999999998	-30.421999999999997	0.988118	0.0893147	-0.12476	0.00895115	0.116693	0.0983332	0.165049	1.03186	-2.20922	0.598391	2.42441	1.7853	0.100267	-9.81059	17.8004	4.8638	4.0073	-0.05327369999999999	655.9169999999999	3.86177	-0.051338999999999996	643.8969999999999	0.643358	0.00855289	262.814	1.28925	0.017139500000000002	372.042	img_SimpleFlight__0_1627900129288834800.png	1.908052805064264	0.7787605585152959
SimpleFlight	0.084	0.0918742	-1.9040099999999998	-30.4079	0.9751190000000001	0.110171	-0.188345	0.039139099999999996	0.39103699999999997	0.283641	0.16254100000000002	0.256506	-0.8882180000000001	0.971994	4.0025	2.56988	-0.37435300000000005	-5.91397	10.5332	4.15768	4.17945	-0.0555622	669.857	3.45583	-0.0459423	609.115	1.5190000000000001	0.0201939	403.833	1.3166200000000001	0.0175033	375.97	img_SimpleFlight__0_1627900129377062400.png	1.8909322059484936	0.7060812588691948
SimpleFlight	0.165	0.137744	-1.87215	-30.3966	0.9676469999999999	0.104702	-0.214482	0.0818166	0.752962	0.5075729999999999	0.106556	-0.0720052	-0.262317	1.28568	4.85005	2.9048599999999998	-1.0261200000000001	-2.39052	5.40532	3.58662	4.17945	-0.0555622	669.857	3.8695800000000005	-0.0514428	644.548	1.93547	0.0257305	455.845	1.8417700000000001	0.024484799999999998	444.673	img_SimpleFlight__0_1627900129462990800.png	1.8555715166665396	0.6716721353834657
SimpleFlight	0.24	0.20877300000000001	-1.8255400000000002	-30.3931	0.9618180000000001	0.0884065	-0.22349499999999997	0.130918	1.15747	0.7424609999999999	-0.045300599999999996	-0.19104300000000002	0.047501	1.47981	6.11346	3.4455699999999996	-3.50486	-1.5414700000000001	2.85918	1.0703200000000002	4.17945	-0.0555622	669.857	4.00283	-0.053214199999999996	655.551	2.2740099999999996	0.030231099999999997	494.105	2.2051	0.0293149	486.56	img_SimpleFlight__0_1627900129550488200.png	1.8035323286307858	0.648882134633192
SimpleFlight	0.321	0.322941	-1.7541799999999999	-30.4092	0.954421	0.064566	-0.22423800000000002	0.186089	1.64663	1.00749	-0.321787	-0.307239	0.216452	1.40401	5.32573	2.73838	-1.96523	-2.1606099999999997	1.73543	-2.75793	4.127669999999999	-0.05487380000000001	665.695	4.02124	-0.053458900000000004	657.057	4.110580000000001	0.0546467	664.316	4.0853	0.054310699999999996	662.27	img_SimpleFlight__0_1627900129638397700.png	1.7234347896545328	0.6276267695743749
SimpleFlight	0.402	0.47244899999999995	-1.66467	-30.439	0.9471860000000001	0.0347242	-0.21941999999999998	0.231273	2.0291900000000003	1.1894	-0.383424	-0.553953	0.360325	1.07521	4.22154	1.78482	0.237123	-1.11968	1.81749	-5.10794	2.43275	-0.0323413	511.06	2.35977	-0.0313711	503.336	4.17606	0.05551709999999999	669.586	4.13989	0.055036400000000006	666.68	img_SimpleFlight__0_1627900129725841500.png	1.6224704566280022	0.6087096782853579
SimpleFlight	0.483	0.6494939999999999	-1.56358	-30.4668	0.943435	-0.00633674	-0.209434	0.256958	2.33232	1.2941200000000002	-0.282977	-0.8550719999999999	0.585617	0.576964	3.47779	0.851668	1.7730599999999999	7.04175	0.594919	-6.55205	1.1345399999999999	-0.0150827	349.006	0.9889020000000001	-0.013146600000000001	325.836	4.1633	0.0553476	668.563	4.15961	0.0552985	668.2660000000001	img_SimpleFlight__0_1627900129813094200.png	1.507801292757784	0.585109580159945
SimpleFlight	0.567	0.857979	-1.45261	-30.4854	0.9443459999999999	-0.038813400000000005	-0.193004	0.26354	2.6349099999999996	1.33992	-0.17243	-0.42278999999999994	0.549197	0.0468701	3.7008400000000004	0.270185	0.8528479999999999	3.2448099999999998	-0.740665	-6.01653	0.48491300000000004	-0.0064465	228.168	0.656745	-0.00873087	265.535	4.1794400000000005	0.055562099999999996	669.857	4.01817	0.0534181	656.806	img_SimpleFlight__0_1627900129900641900.png	1.380815831660599	0.5489848648764812
SimpleFlight	0.645	1.07487	-1.3477299999999999	-30.4971	0.9493290000000001	-0.05488919999999999	-0.17739000000000002	0.25356300000000004	2.92747	1.3436	-0.138194	-0.253782	0.496539	-0.397997	3.78597	-0.163716	0.0278387	1.24306	-0.569275	-5.38019	0.899802	-0.011962100000000002	310.811	0.969199	-0.0128847	322.574	4.17945	0.0555622	669.857	4.141719999999999	0.0550606	666.827	img_SimpleFlight__0_1627900129987787900.png	1.2592420699671607	0.5088222104239729
SimpleFlight	0.726	1.3244	-1.23987	-30.5089	0.9577610000000001	-0.0639305	-0.16383499999999998	0.227519	3.23195	1.3145200000000001	-0.161224	-0.27971999999999997	0.31594	-0.8016399999999999	3.763	-0.551872	-0.653011	-0.925427	-2.49475	-4.62022	1.31028	-0.017419099999999996	375.064	1.34002	-0.0178144	379.296	4.176819999999999	0.0555273	669.6469999999999	4.177569999999999	0.055537300000000005	669.707	img_SimpleFlight__0_1627900130074450900.png	1.1321366681937366	0.4648314934782743
SimpleFlight	0.81	1.60933	-1.1318700000000002	-30.5259	0.9679180000000001	-0.0697834	-0.15495799999999998	0.185077	3.5530199999999996	1.25129	-0.25349299999999997	-0.22107399999999996	0.361058	-1.1618899999999999	3.84041	-0.950248	-1.5026	-0.419908	0.33809	-3.93751	1.7441	-0.0231863	432.722	1.7375099999999999	-0.0230987	431.903	4.17903	0.055556600000000005	669.824	4.10502	0.054572699999999995	663.8660000000001	img_SimpleFlight__0_1627900130160910300.png	1.2158539810953266	0.5742318894394562
SimpleFlight	0.891	1.90986	-1.0341	-30.5526	0.977878	-0.0728468	-0.145703	0.13122	3.86754	1.15716	-0.42040299999999997	-0.22386799999999998	0.367224	-1.43387	3.75737	-1.3281399999999999	-2.14851	-0.772493	0.0920994	-2.72986	2.16776	-0.0288185	482.423	2.15242	-0.0286147	480.714	4.1662099999999995	0.0553862	668.796	4.1772	0.0555323	669.677	img_SimpleFlight__0_1627900130247675700.png	1.05062803877843	0.5263402460899665
SimpleFlight	0.972	2.23366	-0.9444950000000001	-30.5891	0.985353	-0.07510639999999999	-0.136736	0.0688582	4.110580000000001	1.05701	-0.437432	-0.24558200000000002	0.354937	-1.54441	2.4926	-1.20254	1.0064600000000001	-0.55165	-0.219993	-0.144223	2.43405	-0.0323586	511.19599999999997	2.46392	-0.0327557	514.323	3.6014199999999996	0.047877800000000005	621.813	3.60655	0.047945999999999996	622.256	img_SimpleFlight__0_1627900130333325900.png	0.8879092232446534	0.48731026832682134
SimpleFlight	1.053	2.57432	-0.8629379999999999	-30.6205	0.988683	-0.0778789	-0.128102	0.00555457	4.29585	0.954665	-0.33312800000000004	-0.269904	0.329529	-1.47209	2.1396900000000003	-1.3464200000000002	1.37625	1.13858	-0.495123	1.87065	2.44762	-0.032539099999999994	512.62	2.47555	-0.0329103	515.536	2.22953	0.029639699999999998	489.24800000000005	2.24458	0.029839799999999996	490.898	img_SimpleFlight__0_1627900130419476100.png	0.7290801519956265	0.4542954194455906
SimpleFlight	1.128	2.90234	-0.795296	-30.6417	0.988225	-0.0813233	-0.120322	-0.048163199999999996	4.4490300000000005	0.84665	-0.23442600000000002	-0.27949	0.301321	-1.29217	1.9544700000000002	-1.5392299999999999	1.2147299999999999	-0.474505	-0.348057	2.87489	2.8950400000000003	-0.038487	557.507	2.88908	-0.0384079	556.933	1.6616099999999998	0.0220897	422.365	1.70312	0.0226416	427.608	img_SimpleFlight__0_1627900130503098500.png	0.5867323575880725	0.4236708382201145
SimpleFlight	1.203	3.24136	-0.736308	-30.656	0.9854879999999999	-0.0856642	-0.11260899999999999	-0.0937791	4.58905	0.723901	-0.151632	-0.27381700000000003	0.274942	-1.05261	1.77771	-1.7322	0.995707	2.6425	-0.353786	3.4783800000000005	3.14757	-0.0418443	581.314	3.14303	-0.0417839	580.895	1.48135	0.0196933	398.79699999999997	1.51952	0.020200799999999998	403.903	img_SimpleFlight__0_1627900130588363800.png	0.4502315534692249	0.39207550609046926
SimpleFlight	1.284	3.6187099999999996	-0.683582	-30.6654	0.9815020000000001	-0.0910145	-0.10419300000000001	-0.13234200000000002	4.7254	0.575408	-0.0818765	-0.255843	0.251485	-0.778356	1.57613	-1.9184599999999998	0.788366	1.13809	-0.227502	3.38136	3.30056	-0.0438781	595.274	3.28301	-0.043644800000000004	593.689	1.44012	0.019145099999999998	393.208	1.48553	0.0197489	399.35900000000004	img_SimpleFlight__0_1627900130675416500.png	0.3108717689953106	0.3567920564485345
SimpleFlight	1.362	3.99191	-0.644718	-30.6696	0.977835	-0.09645039999999999	-0.0958909	-0.159189	4.840990000000001	0.41908	-0.029620799999999996	-0.235368	0.235544	-0.5363859999999999	1.38027	-2.07709	0.592618	0.340028	-0.168389	2.84744	3.2772099999999997	-0.043567699999999994	593.164	3.2920599999999998	-0.0437651	594.506	1.54526	0.020543000000000002	407.309	1.5498100000000001	0.0206034	407.908	img_SimpleFlight__0_1627900130757279600.png	0.18595977461795127	0.3219732303745302
SimpleFlight	1.443	4.38834	-0.617731	-30.6702	0.9748760000000001	-0.101864	-0.0870576	-0.17793599999999998	4.94422	0.245554	0.0127125	-0.202396	0.223906	-0.334534	1.17026	-2.20371	0.44911899999999993	0.0103728	-0.133276	2.09599	3.16755	-0.0421098	583.156	3.17929	-0.0422659	584.235	1.7178099999999998	0.0228368	429.44800000000004	1.7192599999999998	0.0228562	429.63	img_SimpleFlight__0_1627900130842223100.png	0.06717368198277728	0.2852435361146917
SimpleFlight	1.521	4.777340000000001	-0.605363	-30.6679	0.9729530000000001	-0.106503	-0.07845099999999999	-0.189381	5.02749	0.0703702	0.0450619	-0.176829	0.21513000000000002	-0.200157	0.97521	-2.30278	0.305171	-0.946707	-0.12256900000000001	1.23443	2.9532	-0.0392603	563.0790000000001	2.9637599999999997	-0.0394007	564.085	1.9915900000000002	0.0264765	462.405	1.9891299999999998	0.0264438	462.12	img_SimpleFlight__0_1627900130925774900.png	0.19182964110141415	0.40669525174289756
SimpleFlight	1.605	5.20285	-0.607693	-30.6632	0.971453	-0.111793	-0.06908560000000001	-0.197507	5.100569999999999	-0.127422	0.0642982	-0.181038	0.206994	-0.136488	0.7689819999999999	-2.41863	0.106654	-0.458271	-0.075795	0.234539	2.76669	-0.0367808	545.009	2.7588	-0.036675900000000004	544.231	2.2626	0.0300793	492.86400000000003	2.2772900000000003	0.0302747	494.462	img_SimpleFlight__0_1627900131011428800.png	0.03114665310649656	0.36772236300503935
SimpleFlight	1.686	5.61829	-0.62602	-30.6577	0.970068	-0.11669500000000001	-0.060274400000000006	-0.204251	5.15423	-0.326131	0.0716315	-0.164748	0.20036600000000002	-0.144398	0.559397	-2.4927599999999996	0.0478716	-0.052734500000000004	-0.0697263	-0.44910100000000003	2.56955	-0.0341599	525.232	2.5739	-0.03421780000000001	525.677	2.5274099999999997	0.033599699999999996	520.9069999999999	2.52812	0.0336091	520.981	img_SimpleFlight__0_1627900131094368000.png	0.11090341184292278	0.3295088856950306
SimpleFlight	1.764	6.0218300000000005	-0.659099	-30.651999999999997	0.9683280000000001	-0.12088	-0.0520136	-0.212189	5.1912400000000005	-0.530291	0.0745066	-0.142441	0.19333399999999998	-0.198268	0.353121	-2.5293200000000002	0.0832434	2.08367	-0.17782	-0.757875	2.39463	-0.0318345	507.04	2.42325	-0.032215	510.061	2.6930099999999997	0.0358013	537.703	2.6718599999999997	0.0355202	535.587	img_SimpleFlight__0_1627900131178800300.png	0.23477047308358975	0.2909010603843348
SimpleFlight	1.842	6.42759	-0.7076319999999999	-30.6461	0.966203	-0.12356400000000001	-0.045161	-0.221685	5.21128	-0.721823	0.0772659	-0.109274	0.185257	-0.265737	0.180599	-2.55965	0.0484343	-0.330308	-0.0721301	-0.973474	2.3293	-0.0309661	500.07599999999996	2.33775	-0.0310784	500.98199999999997	2.8054900000000003	0.0372966	548.816	2.80348	0.0372699	548.62	img_SimpleFlight__0_1627900131263359600.png	0.34520945724867796	0.25506317505396736
SimpleFlight	1.923	6.850110000000001	-0.774497	-30.6396	0.9631850000000001	-0.12539	-0.0386705	-0.234643	5.218780000000001	-0.9290790000000001	0.0824217	-0.0901625	0.17643499999999998	-0.340509	0.00839648	-2.5590900000000003	0.058868399999999994	-0.185094	-0.0709109	-0.891243	2.29913	-0.030565	496.827	2.30963	-0.0307046	497.96	2.81964	0.037484699999999996	550.1990000000001	2.81602	0.0374366	549.846	img_SimpleFlight__0_1627900131346482600.png	0.44512565615020827	0.216518761410593
SimpleFlight	2.001	7.257060000000001	-0.8546969999999999	-30.6329	0.959556	-0.126023	-0.0333585	-0.24951500000000001	5.21352	-1.1268	0.0918435	-0.057660800000000005	0.166786	-0.39908299999999997	-0.139287	-2.51847	0.139877	0.369214	-0.11836700000000001	-0.6343840000000001	2.3207299999999997	-0.030852099999999997	499.155	2.32594	-0.030921399999999998	499.715	2.7856400000000003	0.0370327	546.872	2.78651	0.0370443	546.957	img_SimpleFlight__0_1627900131430840800.png	0.5267635404437762	0.1798427469745288
SimpleFlight	2.079	7.66316	-0.950197	-30.6252	0.955307	-0.125602	-0.0289033	-0.26604	5.19759	-1.32115	0.10532799999999999	-0.0334451	0.15754	-0.436175	-0.26561999999999997	-2.45569	0.22868400000000003	0.674396	-0.14343699999999998	-0.288645	2.36218	-0.0314031	503.592	2.39118	-0.0317887	506.675	2.66348	0.0354087	534.746	2.6450400000000003	0.0351635	532.8919999999999	img_SimpleFlight__0_1627900131513633100.png	0.5939407869724107	0.14378538424369364
SimpleFlight	2.16	8.08318	-1.06522	-30.616	0.950421	-0.12421300000000002	-0.0250226	-0.283979	5.1714199999999995	-1.51804	0.122839	-0.0232746	0.14932	-0.448538	-0.378308	-2.40896	0.181582	-0.8247639999999999	-0.033004900000000004	-0.05124580000000001	2.46424	-0.0327599	514.356	2.46447	-0.032763099999999996	514.381	2.5682	0.034142	525.094	2.5729900000000003	0.0342057	525.5840000000001	img_SimpleFlight__0_1627900131597650000.png	0.42965720488668097	0.26425520673505165
SimpleFlight	2.235	8.46988	-1.18583	-30.6064	0.945469	-0.123341	-0.0215398	-0.300685	5.139069999999999	-1.69807	0.131588	-0.0363341	0.143988	-0.45080699999999996	-0.48542399999999997	-2.39757	0.0327129	-0.547323	-0.0434601	-0.0354789	2.52335	-0.0335457	520.489	2.5096	-0.033363	519.069	2.54497	0.0338332	522.714	2.56098	0.0340461	524.356	img_SimpleFlight__0_1627900131680460700.png	0.5288704696395914	0.23064920370814226
SimpleFlight	2.313	8.86915	-1.32552	-30.5959	0.939966	-0.12269100000000001	-0.018052000000000002	-0.317938	5.09713	-1.88285	0.135462	-0.0405465	0.137732	-0.447991	-0.587349	-2.3319900000000002	0.10096799999999999	1.51605	-0.163272	0.150814	2.5537900000000002	-0.0339505	523.619	2.55471	-0.033962599999999996	523.7130000000001	2.54832	0.0338778	523.058	2.5521	0.033928	523.446	img_SimpleFlight__0_1627900131763931500.png	0.6183831670151051	0.1959317974241802
SimpleFlight	2.385	9.23455	-1.4671299999999998	-30.5861	0.934707	-0.121931	-0.0150821	-0.333509	5.0513900000000005	-2.05015	0.138352	-0.0269249	0.131826	-0.43723999999999996	-0.680475	-2.30452	0.0186357	-0.127781	-0.0633319	0.177867	2.58086	-0.034310400000000005	526.387	2.59044	-0.034437699999999995	527.363	2.52159	0.0335224	520.308	2.51704	0.0334619	519.8380000000001	img_SimpleFlight__0_1627900131846925100.png	0.6885617688881307	0.16423205771080765
SimpleFlight	2.466	9.64139	-1.6406599999999998	-30.5747	0.9287629999999999	-0.12067	-0.0120523	-0.350275	4.99286	-2.23331	0.144273	-0.00652783	0.125223	-0.415249	-0.7631180000000001	-2.2210400000000003	0.10893199999999999	0.307797	-0.0825539	0.331546	2.6110900000000004	-0.0347122	529.461	2.6130400000000003	-0.034738099999999994	529.659	2.4748200000000002	0.032900599999999995	515.46	2.47716	0.032931699999999994	515.703	img_SimpleFlight__0_1627900131930386200.png	0.7531764372368015	0.12917175648260515
SimpleFlight	2.544	10.0284	-1.82155	-30.5631	0.923185	-0.118987	-0.00942355	-0.365352	4.93046	-2.40405	0.152422	0.00693731	0.119682	-0.386315	-0.829832	-2.1394599999999997	0.1698	1.24977	-0.110451	0.473689	2.63204	-0.0349907	531.581	2.62221	-0.03486	530.587	2.4399900000000003	0.0324376	511.82	2.45224	0.0326005	513.1030000000001	img_SimpleFlight__0_1627900132013158800.png	0.8011545274375091	0.09610715430542699
SimpleFlight	2.622	10.4104	-2.01553	-30.5508	0.9179309999999999	-0.116678	-0.00711636	-0.379129	4.86333	-2.5685	0.16346	0.0213737	0.11439300000000001	-0.350234	-0.885323	-2.0636	0.16576	0.662499	-0.07773560000000002	0.519107	2.6364099999999997	-0.0350489	532.0219999999999	2.63845	-0.035075999999999996	532.2280000000001	2.39205	0.0318002	506.76599999999996	2.39308	0.031814	506.876	img_SimpleFlight__0_1627900132095664700.png	0.8353538400775951	0.06387642806800677
SimpleFlight	2.697	10.7727	-2.21389	-30.5381	0.913344	-0.113773	-0.00522034	-0.390936	4.79557	-2.7198599999999997	0.177347	0.044660000000000005	0.10918199999999999	-0.30932	-0.9212870000000001	-1.97715	0.17871099999999998	-0.232683	-0.0581937	0.531692	2.65305	-0.0352701	533.698	2.65658	-0.035317	534.053	2.37036	0.031512	504.464	2.36978	0.0315042	504.402	img_SimpleFlight__0_1627900132180173100.png	0.855525367072906	0.03385564994325302
SimpleFlight	2.772	11.1297	-2.42335	-30.5242	0.909274	-0.110527	-0.00348794	-0.401239	4.7255199999999995	-2.8647099999999996	0.191389	0.034149599999999995	0.10465799999999999	-0.268675	-0.9485709999999999	-1.89327	0.157804	-0.33277399999999996	-0.049259199999999996	0.485237	2.64615	-0.0351783	533.004	2.65098	-0.0352425	533.49	2.34633	0.0311925	501.9	2.34427	0.0311651	501.68	img_SimpleFlight__0_1627900132263016100.png	0.6552047841016696	0.1618770501244798
SimpleFlight	2.85	11.4954	-2.65253	-30.509	0.9053700000000001	-0.107973	-0.00134893	-0.41066400000000003	4.64958	-3.01075	0.196294	0.0178233	0.10028300000000001	-0.243087	-0.997762	-1.84706	-0.00195026	0.05940940000000001	-0.059805399999999995	0.194512	2.62987	-0.03496180000000001	531.361	2.61416	-0.034753	529.7719999999999	2.44327	0.0324811	512.163	2.46118	0.0327193	514.038	img_SimpleFlight__0_1627900132346971100.png	0.7184380961798028	0.13222033545659298
SimpleFlight	2.925	11.8413	-2.88347	-30.4943	0.9017379999999999	-0.10592599999999999	0.000780746	-0.41910299999999995	4.57302	-3.1474	0.19233699999999998	0.021465099999999997	0.0977914	-0.233787	-1.27604	-2.28897	-2.62118	3.53804	1.32231	0.0421381	2.58339	-0.034344	526.645	2.57259	-0.0342004	525.543	2.5185299999999997	0.033481699999999996	519.992	2.53146	0.0336535	521.325	img_SimpleFlight__0_1627900132430295500.png	0.7674740224015424	0.10405907830915595
SimpleFlight	2.997	12.1665	-3.11734	-30.4948	0.898482	-0.101398	0.0027035	-0.42713100000000004	4.4613	-3.34683	-0.20622	0.0668757	0.11124400000000001	-0.233436	-1.43441	-2.43511	-4.17553	1.75568	0.27154	-0.0279202	4.16105	-0.055317700000000004	668.382	4.11184	-0.0546634	664.4169999999999	4.05262	0.05387619999999999	659.6160000000001	4.17681	0.055527099999999996	669.6460000000001	img_SimpleFlight__0_1627900132515429600.png	0.8008383845436382	0.063234594715601
SimpleFlight	3.081	12.537	-3.40544	-30.5187	0.894385	-0.0982178	0.00474695	-0.436356	4.37213	-3.4848199999999996	-0.21714299999999997	-0.06741180000000001	0.053587800000000005	-0.23455399999999998	-0.591811	-0.70576	4.953880000000001	0.551172	-0.08269	-0.00899887	1.3007600000000001	-0.0172924	373.69800000000004	1.24393	-0.016537	365.444	1.21119	0.0161017	360.603	1.35392	0.0179993	381.259	img_SimpleFlight__0_1627900132597986900.png	0.8223859277606034	0.03391684775119914
SimpleFlight	3.189	13.0055	-3.7862	-30.5152	0.888804	-0.09650510000000001	0.00680718	-0.447959	4.29711	-3.5762300000000002	0.21891	0.018318200000000003	0.0714376	-0.23099	-0.927617	-1.20412	1.79447	-0.354196	-0.0853395	0.0701133	1.27779	-0.0169872	370.385	1.2383600000000001	-0.016462900000000003	364.625	1.22046	0.016225	361.98	1.27873	0.016999599999999997	370.52	img_SimpleFlight__0_1627900132721253800.png	0.8371201629414255	0.012765227481364437
SimpleFlight	3.267	13.3376	-4.06911	-30.4948	0.8848959999999999	-0.0941909	0.00780935	-0.456099	4.214169999999999	-3.68474	0.258334	0.07676160000000001	0.0808518	-0.22326100000000001	-1.62414	-2.2566900000000003	-4.98982	6.35074	2.10011	0.11594700000000001	2.2276599999999998	-0.029614799999999997	489.043	2.2387	-0.029761700000000002	490.254	2.19765	0.0292159	485.73900000000003	2.18856	0.029095	484.73199999999997	img_SimpleFlight__0_1627900132803882900.png	0.8376754080639752	0.011614212875875817
SimpleFlight	3.342	13.6489	-4.3520199999999996	-30.4917	0.881508	-0.08885180000000001	0.00820598	-0.46366	4.09112	-3.85259	-0.147345	0.10773699999999999	0.0854202	-0.21118800000000001	-1.40745	-1.83037	-3.2702	0.7045859999999999	0.197541	0.193965	4.1656699999999995	-0.055379099999999994	668.753	4.13871	-0.0550206	666.585	4.06351	0.054020900000000004	660.5010000000001	4.09131	0.054390499999999994	662.757	img_SimpleFlight__0_1627900132885620300.png	0.6029083805254509	0.10855832763462629
SimpleFlight	3.423	13.9762	-4.66924	-30.5096	0.877754	-0.0853444	0.00915896	-0.47136000000000006	3.9990099999999997	-3.9645099999999998	-0.197319	-0.0409703	0.0481653	-0.20679899999999998	-0.60698	-0.56053	4.78929	-5.2964199999999995	-1.82975	-0.00380254	2.99059	-0.0397573	566.632	2.96748	-0.039450099999999995	564.439	2.93243	0.0389842	561.096	2.9683200000000003	0.039461300000000005	564.519	img_SimpleFlight__0_1627900132968627400.png	0.6457713431750401	0.08287204432001535
SimpleFlight	3.501	14.2863	-4.980119999999999	-30.51	0.8737659999999999	-0.0854983	0.0106556	-0.478654	3.95125	-4.00732	0.179773	-0.0287365	0.05058119999999999	-0.212727	-0.708994	-0.664669	3.9603099999999998	0.96068	0.0259933	-0.128355	1.21094	-0.016098400000000002	360.565	1.27844	-0.0169957	370.478	1.31883	0.0175327	376.286	1.20953	0.0160797	360.355	img_SimpleFlight__0_1627900133052937600.png	0.679672823842723	0.0714946973870863
SimpleFlight	3.579	14.5917	-5.29557	-30.4902	0.869664	-0.08423710000000001	0.011818500000000001	-0.48626099999999994	3.8633900000000003	-4.10107	0.181179	0.101409	0.0894237	-0.22329699999999997	-1.76895	-2.02332	-6.11907	0.394941	0.45402200000000004	-0.16467	1.8207400000000002	-0.024205200000000003	442.12699999999995	1.8159	-0.024140900000000003	441.54	1.8974799999999998	0.025225400000000002	451.349	1.895	0.0251924	451.05300000000005	img_SimpleFlight__0_1627900133134614700.png	0.7070324188912147	0.048706095026895074
SimpleFlight	3.657	14.8879	-5.62113	-30.4921	0.8654219999999999	-0.0812085	0.0125995	-0.494258	3.73961	-4.236680000000001	-0.16533499999999998	0.0403678	0.0688353	-0.233231	-1.32741	-1.36521	-1.9752299999999998	-1.35066	-0.212042	-0.08647460000000001	4.0094	-0.0533016	656.0889999999999	3.9692199999999995	-0.052767499999999995	652.794	4.0318	0.0535993	657.919	4.1180699999999995	0.0547462	664.921	img_SimpleFlight__0_1627900133218357400.png	0.7208303592875692	0.01630185565609673
SimpleFlight	3.735	15.1759	-5.95533	-30.5082	0.860901	-0.0790799	0.013363900000000001	-0.502412	3.6503400000000004	-4.32308	-0.182119	-0.0307774	0.040732800000000007	-0.23743699999999998	-0.63793	-0.468908	4.66796	-4.73562	-1.85503	0.0104186	2.82907	-0.0376101	551.118	2.85042	-0.0378939	553.194	2.87952	0.038280699999999994	556.01	2.8673599999999997	0.03811919999999999	554.836	img_SimpleFlight__0_1627900133298627100.png	0.7227817396284311	0.005633652837933709
SimpleFlight	3.813	15.4587	-6.29387	-30.5075	0.8561780000000001	-0.07903860000000001	0.0141822	-0.510404	3.60184	-4.3572	0.19888499999999998	-0.00574671	0.0384191	-0.23234499999999997	-0.665972	-0.477314	4.50002	0.8781610000000001	-0.0361674	0.10459700000000001	1.2421799999999998	-0.0165137	365.186	1.28492	-0.0170819	371.416	1.27653	0.0169703	370.20099999999996	1.21917	0.0162078	361.789	img_SimpleFlight__0_1627900133382019500.png	0.717960404418419	0.016082688617654228
SimpleFlight	3.888	15.7264	-6.62264	-30.4853	0.8518600000000001	-0.07743660000000001	0.014407900000000001	-0.517814	3.5224900000000003	-4.42539	0.260712	0.11583800000000001	0.06911110000000001	-0.220302	-1.7809400000000002	-1.70525	-6.0201400000000005	3.98832	1.15412	0.218006	1.8194299999999999	-0.0241878	441.968	1.8188	-0.0241794	441.89099999999996	1.74632	0.023215799999999998	432.996	1.73995	0.0231312	432.207	img_SimpleFlight__0_1627900133464629300.png	0.4602650057241811	0.12250177994457362
SimpleFlight	3.966	15.995999999999999	-6.97268	-30.4815	0.847675	-0.07405980000000001	0.014447	-0.525122	3.3969699999999996	-4.541580000000001	-0.10346	0.0414811	0.057996400000000004	-0.21016500000000002	-1.34063	-1.16762	-2.21738	-1.11386	-0.132359	0.0426166	3.06976	-0.040809899999999996	574.0840000000001	3.05501	-0.040613800000000005	572.703	3.02061	0.0401564	569.469	3.04441	0.0404728	571.7080000000001	img_SimpleFlight__0_1627900133548271900.png	0.5072413964408714	0.09242255027512852
SimpleFlight	4.035	16.2274	-7.288589999999999	-30.4921	0.8438690000000001	-0.0725773	0.0151112	-0.531403	3.3121300000000002	-4.61231	-0.183288	0.00979977	0.05237290000000001	-0.211601	-1.16044	-0.9286840000000001	-0.476397	0.157088	-0.0931098	-0.037219	2.9415400000000003	-0.0391053	561.967	2.91784	-0.0387903	559.698	2.9196400000000002	0.0388141	559.871	2.95253	0.0392514	563.016	img_SimpleFlight__0_1627900133629319900.png	0.5394798088929947	0.07299621210908196
SimpleFlight	4.113	16.4823	-7.65105	-30.506999999999998	0.839334	-0.07179239999999999	0.0161877	-0.538612	3.22851	-4.67582	-0.150397	-0.0649129	0.0309082	-0.22010900000000003	-0.632268	-0.353626	4.67096	-5.063359999999999	-1.5834	-0.125936	2.5761700000000003	-0.034248	525.909	2.5806299999999998	-0.034307300000000006	526.364	2.61975	0.0348274	530.339	2.61875	0.034814099999999994	530.237	img_SimpleFlight__0_1627900133712422300.png	0.5674329570199093	0.05452210301443991
SimpleFlight	4.191	16.7323	-8.01678	-30.5039	0.834384	-0.0732959	0.017730900000000004	-0.5460010000000001	3.1798900000000003	-4.70173	0.22993400000000003	-0.053570400000000004	0.030570499999999997	-0.23025500000000002	-0.6760649999999999	-0.370167	4.48949	0.632871	-0.00794851	-0.144024	1.19536	-0.015891299999999997	358.23900000000003	1.24353	-0.0165317	365.385	1.3272	0.0176439	377.477	1.25309	0.016658700000000002	366.786	img_SimpleFlight__0_1627900133795600400.png	0.5894995980348681	0.04487955437300102
SimpleFlight	4.269	16.977	-8.38579	-30.4834	0.829325	-0.0724282	0.018456999999999998	-0.5537449999999999	3.07348	-4.77869	0.107146	0.0323002	0.05541889999999999	-0.23859699999999998	-1.8449900000000001	-1.40111	-5.89922	-3.16146	-0.8212209999999999	-0.0884423	1.7063700000000002	-0.022684799999999998	428.01599999999996	1.70925	-0.0227231	428.37699999999995	1.78587	0.023741599999999998	437.87300000000005	1.77538	0.023602099999999997	436.584	img_SimpleFlight__0_1627900133877324700.png	0.605333450886484	0.021775657939964287
SimpleFlight	4.35	17.2207	-8.7767	-30.4871	0.8239049999999999	-0.07085239999999998	0.0189003	-0.561964	2.9506099999999997	-4.866169999999999	-0.13489	0.0182934	0.0451189	-0.241763	-1.30167	-0.8671040000000001	-1.09885	0.8928860000000001	-0.0909994	0.03951	3.5207900000000003	-0.046806	614.813	3.5440699999999996	-0.0471154	616.8430000000001	3.58071	0.0476025	620.023	3.55743	0.047293	618.004	img_SimpleFlight__0_1627900133960291300.png	0.6088719450064655	0.004701998876932354
SimpleFlight	4.425	17.4385	-9.14396	-30.4991	0.81885	-0.0693071	0.0190927	-0.569488	2.85822	-4.92544	-0.173402	0.02609	0.0429325	-0.236783	-1.18705	-0.736314	-0.15756099999999998	-0.206459	0.000299354	0.101827	2.7237299999999998	-0.0362096	540.76	2.73189	-0.0363181	541.57	2.71181	0.03605119999999999	539.576	2.7031099999999997	0.0359356	538.71	img_SimpleFlight__0_1627900134043876400.png	0.6026841499252079	0.02397241531487875
SimpleFlight	4.5	17.65	-9.51503	-30.5083	0.8138380000000001	-0.0690775	0.0196046	-0.576639	2.79221	-4.96082	0.0199857	-0.038424900000000005	0.0204447	-0.22556500000000002	-0.6254689999999999	-0.254119	4.907769999999999	2.13447	0.813024	0.0823387	2.56787	-0.03413769999999999	525.061	2.5706700000000002	-0.034174800000000005	525.347	2.49533	0.0331732	517.591	2.49422	0.0331585	517.476	img_SimpleFlight__0_1627900134124915800.png	0.3805513820066448	0.11995812208975151
SimpleFlight	4.575	17.8576	-9.88785	-30.4935	0.80882	-0.0699132	0.0207525	-0.583517	2.7402900000000003	-4.98316	0.349091	-0.0445056	0.029460900000000005	-0.22588899999999998	-0.9095629999999999	-0.4566	2.58913	-0.261888	0.123119	-0.07734160000000001	1.27834	-0.016994400000000003	370.464	1.27013	-0.0168853	369.273	1.23136	0.0163699	363.593	1.23553	0.0164253	364.207	img_SimpleFlight__0_1627900134207794000.png	0.42967673570163833	0.11007510335155249
SimpleFlight	4.65	18.0584	-10.2644	-30.4778	0.803703	-0.0691999	0.0216283	-0.590597	2.60949	-5.06351	0.0116617	-0.0182	0.041963099999999996	-0.235967	-1.68367	-0.99779	-3.93333	1.06485	0.112902	-0.200236	3.9097699999999995	-0.0519771	647.886	3.9712099999999997	-0.0527939	652.957	4.06799	0.0540805	660.8660000000001	3.93515	0.0523145	649.986	img_SimpleFlight__0_1627900134290233000.png	0.471092299372828	0.08315456167932478
SimpleFlight	4.728	18.2574	-10.662	-30.4845	0.797988	-0.0688176	0.022646400000000004	-0.598303	2.49542	-5.12672	-0.142732	-0.013902600000000001	0.0421668	-0.250573	-1.33225	-0.692775	-0.79514	0.653003	-0.0152155	-0.14616300000000002	3.16426	-0.0420661	582.8530000000001	3.16155	-0.0420301	582.6030000000001	3.27007	0.0434728	592.518	3.26615	0.0434207	592.163	img_SimpleFlight__0_1627900134373354600.png	0.5027893936342158	0.06029072298499127
SimpleFlight	4.806	18.448	-11.0639	-30.4972	0.791866	-0.06862860000000001	0.023658500000000002	-0.6063649999999999	2.39435	-5.17711	-0.17491199999999998	-0.0225718	0.0408494	-0.262703	-1.27559	-0.61151	-0.16925	0.0214884	-0.0297113	-0.118058	2.5921	-0.034459699999999996	527.5319999999999	2.58467	-0.034361	526.775	2.6849	0.0356935	536.8919999999999	2.69398	0.035814099999999995	537.799	img_SimpleFlight__0_1627900134454560700.png	0.5250803610633378	0.04049100239342387
SimpleFlight	4.884	18.6316	-11.4691	-30.5058	0.785359	-0.0698577	0.0250711	-0.614575	2.32289	-5.20531	0.0465674	-0.0465657	0.023519400000000003	-0.26857800000000004	-0.6749850000000001	-0.193675	4.91	2.43626	0.60077	-0.0399788	2.51423	-0.0334245	519.548	2.52155	-0.0335219	520.304	2.57115	0.034181300000000005	525.396	2.56564	0.034108099999999995	524.8330000000001	img_SimpleFlight__0_1627900134537040100.png	0.539641316438075	0.02703523927821702
SimpleFlight	4.962	18.8104	-11.8759	-30.4899	0.778791	-0.0701906	0.025850400000000003	-0.622808	2.2399400000000003	-5.23824	0.19964500000000002	0.06897930000000001	0.0537928	-0.266194	-2.12785	-1.0575299999999999	-6.25056	1.49031	0.681476	0.07317	1.26872	-0.0168665	369.06699999999995	1.24006	-0.0164855	364.875	1.23353	0.0163987	363.913	1.2730299999999999	0.016923900000000002	369.694	img_SimpleFlight__0_1627900134621342200.png	0.5491553565649767	0.011382794074890585
SimpleFlight	5.043	18.9856	-12.3032	-30.4888	0.772189	-0.0683301	0.0257064	-0.631184	2.09584	-5.305280000000001	-0.09847639999999999	0.0235614	0.0419887	-0.25569200000000003	-1.4793	-0.632795	-1.43561	-0.658894	-0.15579500000000002	0.19842100000000001	3.70865	-0.0493034	631.002	3.68254	-0.0489563	628.778	3.61159	0.048013	622.69	3.67086	0.0488009	627.779	img_SimpleFlight__0_1627900134704199000.png	0.31946196256570586	0.1406106452235622
SimpleFlight	5.121	19.1447	-12.7188	-30.4993	0.765878	-0.0677151	0.0263747	-0.6388659999999999	1.98717	-5.34941	-0.15803	-0.024378	0.0406222	-0.252226	-1.3453700000000002	-0.519762	-0.349494	0.057213400000000005	-0.048067	-0.0304928	2.80933	-0.0373476	549.192	2.80565	-0.0372987	548.832	2.73638	0.0363778	542.015	2.74283	0.0364636	542.654	img_SimpleFlight__0_1627900134784876600.png	0.37714612368246253	0.12005689288231215
SimpleFlight	5.196	19.2906	-13.1211	-30.5071	0.7595390000000001	-0.0692138	0.0281527	-0.6461560000000001	1.91487	-5.37173	0.0437416	-0.0750706	0.0219326	-0.258556	-0.69314	-0.139704	4.91054	2.43629	0.729807	-0.153137	2.5704700000000003	-0.0341722	525.327	2.55997	-0.0340327	524.253	2.6014	0.0345834	528.477	2.6116900000000003	0.0347202	529.521	img_SimpleFlight__0_1627900134866304500.png	0.42509982518925243	0.1068091759339155
SimpleFlight	5.274	19.4376	-13.5407	-30.4909	0.752628	-0.07065060000000001	0.0299238	-0.65396	1.83217	-5.39602	0.22769	0.0217777	0.052713199999999995	-0.270406	-2.23592	-0.876718	-6.0103599999999995	3.58808	1.02505	-0.12351400000000001	1.22824	-0.0163284	363.13199999999995	1.19755	-0.0159204	358.56699999999995	1.27884	0.017001099999999998	370.537	1.31071	0.0174248	375.126	img_SimpleFlight__0_1627900134949149400.png	0.47008452881377116	0.09170755797306632
SimpleFlight	5.349	19.5691	-13.9476	-30.4881	0.745733	-0.0700235	0.0307166	-0.661842	1.6825900000000003	-5.45095	-0.0922327	-0.00507951	0.0449943	-0.28192399999999995	-1.6871599999999998	-0.562083	-2.01023	-1.41592	-0.000618466	-0.150952	4.04852	-0.0538217	659.2819999999999	3.99453	-0.0531038	654.871	4.07052	0.0541141	661.071	4.14987	0.055169	667.4830000000001	img_SimpleFlight__0_1627900135031926400.png	0.5029622547930962	0.06377995351473338
SimpleFlight	5.427	19.6955	-14.3743	-30.4991	0.738202	-0.0697554	0.031601699999999996	-0.670219	1.56142	-5.48838	-0.170701	-0.0164821	0.0415658	-0.289038	-1.4768	-0.426069	-0.42000600000000005	-0.312463	-0.017007400000000002	-0.05773430000000001	2.84575	-0.0378319	552.741	2.83142	-0.0376414	551.3480000000001	2.90367	0.038601800000000006	558.337	2.9245	0.0388788	560.336	img_SimpleFlight__0_1627900135113518500.png	0.5262586759740471	0.04155314475772047
SimpleFlight	5.505	19.8141	-14.8032	-30.5046	0.730416	-0.07097769999999999	0.0329951	-0.678503	1.48968	-5.50205	0.107124	-0.0314097	0.028517900000000002	-0.287674	-0.737613	-0.0892	4.9162300000000005	-0.066477	0.0709686	0.103522	1.99846	-0.0265678	463.202	1.96617	-0.026138599999999998	459.445	1.95596	0.026002800000000003	458.25	2.02862	0.026968799999999998	466.684	img_SimpleFlight__0_1627900135194969900.png	0.541457031975414	0.02879128705171352
SimpleFlight	5.586	19.9312	-15.2496	-30.4873	0.722522	-0.07047719999999999	0.0333473	-0.686938	1.3706200000000002	-5.53191	0.10694100000000001	0.0506417	0.054434300000000005	-0.277587	-2.2936799999999997	-0.677875	-5.67802	-3.35883	-0.712799	0.190752	1.3895899999999999	-0.0184735	386.249	1.40029	-0.018615700000000002	387.733	1.3480299999999998	0.017921	380.42900000000003	1.34037	0.017819	379.345	img_SimpleFlight__0_1627900135277321200.png	0.30412417578470957	0.16433528988156407
SimpleFlight	5.664	20.032	-15.6827	-30.4902	0.715232	-0.0689921	0.0333142	-0.694675	1.22411	-5.570880000000001	-0.122697	0.00422375	0.0463615	-0.26405100000000004	-1.61194	-0.381747	-1.19818	-0.470024	-0.060986900000000004	0.13559000000000002	3.61784	-0.0480961	623.229	3.6218800000000004	-0.048149800000000006	623.577	3.50809	0.046637	613.703	3.5225199999999997	0.0468289	614.964	img_SimpleFlight__0_1627900135359965400.png	0.370632808665281	0.1377564555583994
SimpleFlight	5.739	20.1195	-16.1015	-30.5015	0.708382	-0.0680355	0.0338778	-0.7017260000000001	1.10984	-5.5958	-0.16874	-0.00708915	0.0488036	-0.25608600000000004	-1.47371	-0.29632800000000004	-0.279819	-0.149695	0.0486023	0.0455843	2.77636	-0.0369094	545.96	2.7744400000000002	-0.0368838	545.771	2.71664	0.036115499999999995	540.057	2.7145099999999998	0.03608719999999999	539.845	img_SimpleFlight__0_1627900135442884400.png	0.42500440607610723	0.11725375593910276
SimpleFlight	5.814	20.1996	-16.5217	-30.5078	0.701379	-0.06950210000000001	0.0361074	-0.7084729999999999	1.03804	-5.60398	0.0810098	-0.0722319	0.0353505	-0.257341	-0.7430899999999999	-0.0262221	4.91629	0.24361100000000002	0.517387	-0.0877173	1.6938099999999998	-0.0225178	426.43800000000005	1.59651	-0.021224299999999998	414.00800000000004	1.56741	0.020837400000000002	410.218	1.73645	0.023084599999999997	431.772	img_SimpleFlight__0_1627900135524552800.png	0.47188897248329287	0.10461688020294488
SimpleFlight	5.892	20.2783	-16.9589	-30.4866	0.693734	-0.0715727	0.039182999999999996	-0.715594	0.974751	-5.60659	0.438954	-0.08072810000000001	0.047238	-0.271942	-1.9483400000000002	-0.335742	-2.46502	5.39501	1.8328799999999998	-0.322247	1.20007	-0.015954	358.944	1.19521	-0.0158893	358.216	1.30752	0.017382299999999996	374.668	1.31253	0.017449	375.38599999999997	img_SimpleFlight__0_1627900135606466300.png	0.5160440499958778	0.0935976525349221
SimpleFlight	5.967	20.3446	-17.3806	-30.4688	0.6858029999999999	-0.07094550000000001	0.0412344	-0.723147	0.791726	-5.63861	0.026834399999999998	-0.057591199999999995	0.0703904	-0.304292	-2.33965	-0.35499	-4.7283599999999995	2.0506599999999997	0.263631	-0.500993	3.8959900000000003	-0.0517939	646.743	3.9046	-0.05190840000000001	647.4580000000001	4.155880000000001	0.055248900000000004	667.966	4.08585	0.054317899999999995	662.315	img_SimpleFlight__0_1627900135688622700.png	0.5490534685539503	0.06095974622121759
SimpleFlight	6.045	20.3999	-17.8213	-30.4764	0.6760229999999999	-0.07183880000000001	0.045106400000000005	-0.731981	0.633184	-5.6570800000000006	-0.17722000000000002	-0.131746	0.0871268	-0.361038	-1.8654700000000002	-0.152085	-1.33026	-1.33426	0.317208	-0.875935	3.20111	-0.042556000000000004	586.237	3.1901	-0.042409699999999995	585.2280000000001	3.49908	0.0465173	612.915	3.5193199999999996	0.046786400000000006	614.685	img_SimpleFlight__0_1627900135771009600.png	0.5696060736221302	0.03292397104391233
SimpleFlight	6.123	20.4437	-18.2629	-30.4934	0.663837	-0.0741258	0.051532900000000006	-0.742408	0.487547	-5.664569999999999	-0.25405	-0.215702	0.12186300000000001	-0.44539700000000004	-1.9223299999999999	-0.041826999999999996	-0.897907	-2.39535	0.9789559999999999	-1.38463	2.54707	-0.033861199999999994	522.93	2.5178700000000003	-0.03347290000000001	519.924	3.05674	0.0406367	572.865	3.07113	0.0408281	574.212	img_SimpleFlight__0_1627900135854650400.png	0.5786235161662259	0.0073181414849067756
SimpleFlight	6.198	20.4748	-18.6877	-30.5142	0.648537	-0.0787776	0.0625188	-0.75451	0.354584	-5.66167	-0.229481	-0.673592	0.135029	-0.567129	-0.9774729999999999	0.15570599999999998	4.8745199999999995	-11.6214	-2.06048	-1.81428	2.39171	-0.0317958	506.731	2.33983	-0.031106	501.205	3.1499	0.041875199999999994	581.529	3.1642	0.0420653	582.847	img_SimpleFlight__0_1627900135936722800.png		
SimpleFlight	6.276	20.4993	-19.1287	-30.517	0.625857	-0.0918158	0.08697869999999999	-0.7696149999999999	0.270372	-5.64524	0.158745	-0.859627	0.327899	-0.773968	-1.20222	0.28060100000000004	5.00362	-0.779288	3.35673	-3.4353599999999997	0.564673	-0.00750685	246.21900000000002	0.807131	-0.0107301	294.371	1.9848299999999999	0.0263866	461.62	1.6600700000000002	0.0220693	422.16900000000004	img_SimpleFlight__0_1627900136019179200.png		
SimpleFlight	6.354	20.5159	-19.5679	-30.4912	0.591138	-0.105091	0.12659700000000002	-0.789611	0.13679000000000002	-5.6090800000000005	0.46143999999999996	-1.05522	0.725092	-1.13307	-3.11388	0.9155399999999999	0.281422	31.7563	9.64143	-3.7953	0.311867	-0.004146	182.982	0.035728699999999995	-0.000474983	61.9344	2.417	0.032132	509.403	2.46821	0.0328128	514.771	img_SimpleFlight__0_1627900136102767000.png		
SimpleFlight	6.432	20.5151	-20.0013	-30.4588	0.541425	-0.09599060000000001	0.172819	-0.817177	-0.168468	-5.48501	0.346611	-1.18205	1.58671	-1.4033200000000001	-4.19578	2.30422	-1.6158700000000001	5.00261	15.414000000000001	-3.05487	2.1425099999999997	-0.0284828	479.606	1.8563	-0.024678	446.42400000000004	4.17699	0.05552959999999999	669.6610000000001	3.84858	0.0511636	642.7959999999999	img_SimpleFlight__0_1627900136186043000.png		
SimpleFlight	6.492	20.4979	-20.3258	-30.4394	0.49190200000000006	-0.056060900000000004	0.20482199999999998	-0.844356	-0.394371	-5.32069	0.319702	1.3028600000000001	2.54263	-1.4772399999999999	-3.4519300000000004	3.4409400000000003	-0.679854	-8.80114	4.3816	3.46925	2.292	-0.030470099999999996	496.055	2.38065	-0.0316488	505.55800000000005	4.17941	0.05556180000000001	669.855	3.9519900000000003	0.0525384	651.375	img_SimpleFlight__0_1627900136276911700.png		
