Vehicle2Name	TimeStamp	POS_X	POS_Y	POS_Z	Q_W	Q_X	Q_Y	Q_Z	v_X	v_Y	v_Z	av_X	av_Y	av_Z	a_X	a_Y	a_Z	aa_X	aa_Y	aa_Z	thrust0	torque0	speed0	thrust1	torque1	speed1	thrust2	torque2	speed2	thrust3	torque3	speed3	ImageImageFile	ctes	Theta_e
SimpleFlight	0.0	0.0672752	2.63158	-30.4326	0.9896870000000001	-0.10916400000000001	-0.0914056	-0.015739799999999998	0.0738564	-0.0869035	0.186809	-2.15327	-1.47912	-0.520966	1.7149599999999998	-2.10185	0.294763	20.2477	14.2263	-5.006419999999999	0.230095	-0.00305892	157.173	0.45622399999999996	-0.00606511	221.31599999999997	2.16201	0.0287421	481.784	4.17818	0.05554540000000001	669.7560000000001	img_SimpleFlight__0_1627900178591680200.png	2.628746068462335	0.7878397771096507
SimpleFlight	0.081	0.080152	2.61575	-30.4171	0.9763709999999999	-0.16209300000000001	-0.135783	-0.0445849	0.258297	-0.324315	0.188108	-0.799504	-0.688149	-0.89684	2.75391	-3.60802	-0.281123	11.1825	7.38428	-4.32281	1.23607	-0.0164325	364.287	1.45451	-0.0193365	395.168	4.17945	0.0555622	669.857	3.4931400000000004	0.046438400000000005	612.394	img_SimpleFlight__0_1627900178677879300.png	2.6139751691532074	0.8196909002257418
SimpleFlight	0.162	0.11086099999999999	2.5766400000000003	-30.4034	0.9679209999999999	-0.173851	-0.15975	-0.08593660000000002	0.508084	-0.651725	0.140324	-0.152837	-0.25252399999999997	-1.22272	3.35802	-4.37875	-0.908596	5.1266	4.02912	-3.72341	1.6978400000000002	-0.0225713	426.945	1.7696599999999998	-0.0235261	435.881	4.17945	0.0555622	669.857	3.8163699999999996	0.05073540000000001	640.101	img_SimpleFlight__0_1627900178764539300.png	2.5773951326016116	0.830079732251158
SimpleFlight	0.243	0.163467	2.50905	-30.3958	0.960987	-0.16464600000000001	-0.17394600000000002	-0.138345	0.795502	-1.02138	0.0396439	0.136605	-0.010075200000000001	-1.49997	3.7072800000000004	-4.68883	-1.5797299999999999	2.27778	2.25274	-3.12341	2.12648	-0.028269799999999998	477.809	2.13847	-0.0284291	479.153	4.17945	0.0555622	669.857	3.99652	0.053130399999999994	655.035	img_SimpleFlight__0_1627900178851489300.png	2.514140909204448	0.8305454977854774
SimpleFlight	0.324	0.240321	2.41085	-30.3984	0.951686	-0.144397	-0.182912	-0.199964	1.10485	-1.4034200000000001	-0.115086	0.264126	0.13357	-1.7294200000000002	3.9118800000000005	-4.70173	-2.22803	1.36569	1.26325	-2.5480099999999997	2.50546	-0.033308	518.641	2.49498	-0.0331686	517.555	4.17945	0.0555622	669.857	4.08148	0.05425990000000001	661.961	img_SimpleFlight__0_1627900178938450600.png	2.4222735223749225	0.8253351089349319
SimpleFlight	0.408	0.34721199999999997	2.27644	-30.416999999999998	0.936737	-0.11633399999999999	-0.188499	-0.271031	1.4487	-1.80118	-0.356643	0.338106	0.23678400000000002	-1.89085	4.60295	-5.10243	-4.55323	1.36483	1.0485799999999998	-0.158388	2.8879799999999998	-0.038393199999999995	556.827	2.84186	-0.0377801	552.363	4.17945	0.0555622	669.857	4.12897	0.054891199999999994	665.8	img_SimpleFlight__0_1627900179024250600.png	2.296664434749298	0.8148954278830594
SimpleFlight	0.492	0.48368500000000003	2.10932	-30.4587	0.917	-0.08367100000000001	-0.190149	-0.34052	1.7830599999999999	-2.15212	-0.5827720000000001	0.417988	0.323577	-1.7128299999999999	3.42689	-3.34407	-1.00976	1.9365400000000002	1.10683	3.9311	4.174169999999999	-0.055492099999999996	669.435	4.15916	-0.055292499999999994	668.23	3.54189	0.0470864	616.6519999999999	3.48498	0.0463299	611.679	img_SimpleFlight__0_1627900179111723000.png	2.1407671581070837	0.8003696074623716
SimpleFlight	0.573	0.6386470000000001	1.92527	-30.506999999999998	0.898342	-0.0499609	-0.18731199999999998	-0.39420700000000003	2.03585	-2.37825	-0.58617	0.47476499999999994	0.42451000000000005	-1.31471	2.8813	-2.31318	0.728917	1.91707	1.42805	5.78837	4.17743	-0.055535400000000006	669.696	4.15559	-0.055245	667.943	1.7592	0.023387099999999997	434.591	1.6856099999999998	0.0224087	425.403	img_SimpleFlight__0_1627900179198026500.png	1.9694427012256797	0.7842729329139816
SimpleFlight	0.651	0.805517	1.7337900000000002	-30.5482	0.8845540000000001	-0.017356599999999996	-0.185291	-0.427704	2.23926	-2.52209	-0.453633	0.61069	0.395744	-0.797071	2.58829	-1.56209	1.9734900000000002	-1.8167200000000001	3.41376	6.918019999999999	3.96465	-0.0527067	652.4169999999999	4.15876	-0.055287199999999995	668.198	0.57411	0.00763231	248.268	0.633367	0.00842007	260.76599999999996	img_SimpleFlight__0_1627900179283916200.png	1.7916454394665657	0.7661898490077104
SimpleFlight	0.732	0.995833	1.52478	-30.5793	0.878992	0.01577	-0.177972	-0.442097	2.46525	-2.63288	-0.326901	0.442504	0.511529	-0.258354	2.97959	-1.1616	1.13535	-3.7495300000000005	-0.511714	6.31756	4.17945	-0.0555622	669.857	4.1034	-0.054551300000000004	663.7360000000001	0.44050200000000006	0.0058561	217.46900000000002	0.33949	0.00451323	190.91299999999998	img_SimpleFlight__0_1627900179371938300.png	1.5982117688055448	0.7397271889062574
SimpleFlight	0.813	1.20555	1.30816	-30.6028	0.8819459999999999	0.037011699999999995	-0.166441	-0.439429	2.7154700000000003	-2.71015	-0.26187699999999997	0.263398	0.48057799999999995	0.235911	3.16854	-0.749253	0.5053340000000001	-1.8744900000000002	-0.5885729999999999	5.8855	4.17945	-0.0555622	669.857	4.14145	-0.055057	666.805	0.768649	0.0102185	287.268	0.817404	0.0108667	296.238	img_SimpleFlight__0_1627900179456032200.png	1.398713742151031	0.7058778142715824
SimpleFlight	0.885	1.40934	1.11138	-30.6207	0.8911899999999999	0.048519599999999996	-0.155751	-0.423282	2.94576	-2.75162	-0.241221	0.176483	0.444316	0.648463	3.20912	-0.406563	0.09703830000000001	-0.520515	-0.365641	5.57693	4.17945	-0.0555622	669.857	4.16935	-0.0554279	669.048	0.976857	0.012986500000000002	323.846	1.01175	0.0134504	329.579	img_SimpleFlight__0_1627900179542082400.png	1.2185295283374031	0.6727962146539259
SimpleFlight	0.963	1.6488599999999998	0.8958659999999999	-30.6396	0.907068	0.05562759999999999	-0.145035	-0.391278	3.19509	-2.76993	-0.24801900000000002	0.134037	0.40736300000000003	1.07182	3.1756599999999997	-0.06865399999999999	-0.26835	-1.1188799999999999	-0.75431	5.2903199999999995	4.16741	-0.05540219999999999	668.893	4.17859	-0.055550800000000004	669.789	1.1695799999999998	0.0155486	354.355	1.18213	0.0157154	356.25	img_SimpleFlight__0_1627900179625337500.png	0.7650836070454002	0.4786235094714818
SimpleFlight	1.038	1.89713	0.688203	-30.6585	0.926316	0.0585173	-0.13609100000000002	-0.346402	3.4176699999999998	-2.76423	-0.238656	0.10283800000000001	0.366055	1.4345	2.64512	0.199542	0.886498	0.0581765	-0.44268	3.76628	4.16137	-0.055321800000000004	668.4069999999999	4.17945	-0.0555622	669.857	1.3049	0.0173475	374.293	1.32039	0.0175535	376.50800000000004	img_SimpleFlight__0_1627900179711649900.png	0.6211158327503634	0.4444676336555775
SimpleFlight	1.134	2.23668	0.424113	-30.676	0.9513219999999999	0.0578826	-0.12637400000000001	-0.275074	3.6504199999999996	-2.73405	-0.11741900000000001	0.07676519999999999	0.31845100000000004	1.5992600000000001	2.27619	0.41791999999999996	1.40232	-0.13056900000000002	-0.44019899999999995	-0.153781	2.28163	-0.0303323	494.93199999999996	2.3024400000000003	-0.030608999999999997	497.184	2.1987900000000002	0.029231	485.86400000000003	2.2067099999999997	0.0293363	486.73800000000006	img_SimpleFlight__0_1627900179796108000.png	0.4435890337698145	0.40722124449246866
SimpleFlight	1.242	2.6438200000000003	0.13166	-30.6808	0.972441	0.055332000000000006	-0.11654	-0.194205	3.8858300000000003	-2.6781900000000003	0.0248109	0.0647578	0.27655	1.40563	2.09614	0.609692	1.18234	0.101878	-0.325752	-3.13062	1.8433599999999999	-0.024505900000000004	444.865	1.8531799999999998	-0.0246364	446.048	2.6345099999999997	0.0350236	531.83	2.65461	0.035290800000000004	533.855	img_SimpleFlight__0_1627900179923017300.png	0.2542614788800468	0.36783461128863876
SimpleFlight	1.32	2.95317	-0.0752717	-30.6754	0.981856	0.0537874	-0.10956500000000001	-0.145127	4.0446599999999995	-2.6262	0.109178	0.0540439	0.252319	1.1115899999999999	1.9722099999999998	0.718428	0.996757	-0.624796	-0.285722	-4.2740800000000005	1.3220299999999998	-0.017575200000000003	376.741	1.34103	-0.017827900000000004	379.44	3.2450900000000003	0.0431407	590.25	3.2460000000000004	0.0431529	590.3340000000001	img_SimpleFlight__0_1627900180005731100.png	0.1252636415321156	0.34026391617433926
SimpleFlight	1.398	3.2745599999999997	-0.277834	-30.6642	0.9874059999999999	0.0528681	-0.10245399999999999	-0.10834200000000001	4.19415	-2.56648	0.177499	0.0380692	0.232233	0.764042	1.8513	0.805763	0.795299	0.160768	-0.255816	-4.52759	1.1162	-0.0148389	346.173	1.11591	-0.014835	346.12800000000004	3.51917	0.0467843	614.6709999999999	3.53536	0.0469997	616.0840000000001	img_SimpleFlight__0_1627900180090463800.png	0.003325159495193965	0.3135179449158863
SimpleFlight	1.479	3.6202400000000003	-0.482995	-30.6474	0.990511	0.0525951	-0.0948767	-0.08437539999999999	4.33908	-2.49823	0.233132	0.021657	0.21439299999999997	0.408105	1.72482	0.874921	0.5891390000000001	-0.639012	-0.17996900000000002	-4.1580900000000005	1.1412	-0.015171299999999999	350.029	1.14625	-0.0152384	350.80199999999996	3.5923300000000005	0.047756900000000005	621.028	3.59962	0.047854	621.658	img_SimpleFlight__0_1627900180173749700.png	0.11546983236580242	0.28677910480228136
SimpleFlight	1.557	3.9638	-0.6751590000000001	-30.6276	0.992024	0.0525409	-0.08741619999999999	-0.0740758	4.46822	-2.42844	0.274696	-0.00690672	0.19930499999999998	0.112131	1.59276	0.914176	0.44646899999999995	-0.220586	-0.203096	-3.3606599999999998	1.31311	-0.017456700000000002	375.468	1.31459	-0.0174764	375.68	3.48996	0.046396	612.115	3.49894	0.0465154	612.9019999999999	img_SimpleFlight__0_1627900180257596600.png	0.2221218365427662	0.2622131747115906
SimpleFlight	1.674	4.4970099999999995	-0.952981	-30.5926	0.992748	0.052254999999999996	-0.0762484	-0.07686289999999998	4.642469999999999	-2.32018	0.3193	-0.0408151	0.175768	-0.194181	1.38716	0.9290870000000001	0.323141	-0.37718	-0.20221	-1.84855	1.6905599999999998	-0.0224745	426.028	1.68823	-0.0224435	425.73400000000004	3.16795	0.0421153	583.193	3.1804099999999997	0.0422809	584.339	img_SimpleFlight__0_1627900180381269600.png	0.36779219010588066	0.22784634368180268
SimpleFlight	1.749	4.84898	-1.1244	-30.5678	0.9925709999999999	0.0508728	-0.06923660000000001	-0.0861486	4.74148	-2.2511900000000002	0.3426	-0.101917	0.163414	-0.303518	1.25073	0.9016200000000001	0.311733	-0.7479180000000001	-0.184177	-1.1332	2.01137	-0.0267394	464.69599999999997	2.00434	-0.026646	463.88300000000004	2.88488	0.038352	556.528	2.9019999999999997	0.0385796	558.1759999999999	img_SimpleFlight__0_1627900180465479300.png	0.6439418609228394	0.05057492402338095
SimpleFlight	1.83	5.2369900000000005	-1.30386	-30.539	0.9919600000000001	0.0471305	-0.0618305	-0.0998525	4.83678	-2.18094	0.367958	-0.153946	0.14645899999999998	-0.36812399999999995	1.11014	0.830692	0.264277	-0.7288279999999999	-0.219061	-0.500855	2.18637	-0.0290659	484.49	2.16987	-0.0288466	482.658	2.68796	0.0357341	537.198	2.71555	0.0361009	539.948	img_SimpleFlight__0_1627900180548929000.png	0.6612562832353369	0.030909200919794554
SimpleFlight	1.908	5.61751	-1.47155	-30.5096	0.99098	0.041932699999999996	-0.0551428	-0.11471400000000001	4.91826	-2.1198	0.386598	-0.185943	0.127703	-0.386156	0.978675	0.732645	0.225677	-0.027546499999999998	-0.258103	0.0255522	2.35626	-0.0313245	502.961	2.34891	-0.031226799999999996	502.176	2.53752	0.0337341	521.948	2.55919	0.0340223	524.173	img_SimpleFlight__0_1627900180632723800.png	0.6705629423585906	0.014247757173972576
SimpleFlight	1.989	6.01938	-1.64074	-30.4814	0.9897090000000001	0.0346791	-0.0480465	-0.130253	5.015619999999999	-2.05233	0.187909	-0.252136	0.15617	-0.37200500000000003	1.48911	0.9555969999999999	-6.01938	2.19507	-1.60896	0.336723	2.4985	-0.0332154	517.92	2.49876	-0.0332189	517.947	2.43349	0.0323512	511.13800000000003	2.449	0.0325574	512.764	img_SimpleFlight__0_1627900180716265700.png	0.6730851294996173	0.004297453676395992
SimpleFlight	2.07	6.42989	-1.8043	-30.482	0.98824	0.026687799999999998	-0.0414265	-0.144756	5.1100900000000005	-1.99253	-0.129428	-0.22616399999999998	0.105558	-0.33651	0.8312860000000001	0.52199	-1.41282	-0.0631694	-0.502829	0.516885	3.9220599999999997	-0.052140399999999996	648.903	3.9087699999999996	-0.051963699999999995	647.803	3.67593	0.0488684	628.2130000000001	3.71285	0.0493593	631.36	img_SimpleFlight__0_1627900180799668800.png	0.6670994900169707	0.02091181842268191
SimpleFlight	2.148	6.83069	-1.9583700000000002	-30.4944	0.986728	0.0189507	-0.0361704	-0.157164	5.16338	-1.96043	-0.168229	-0.22519299999999998	0.08395989999999999	-0.29386999999999996	0.5766	0.32208200000000003	0.025831200000000002	-0.295073	-0.22346999999999997	0.541932	2.86311	-0.038062599999999995	554.424	2.8589900000000004	-0.038007900000000004	554.025	2.56573	0.0341092	524.842	2.58429	0.0343559	526.737	img_SimpleFlight__0_1627900180883814500.png	0.6560620898990569	0.02983208255164177
SimpleFlight	2.229	7.250589999999999	-2.1162900000000002	-30.5064	0.985165	0.0111477	-0.0318127	-0.168269	5.1976	-1.94173	-0.052677199999999993	-0.190419	0.0311373	-0.25041599999999997	0.142465	0.124243	4.86224	-0.141348	-0.552527	0.482049	2.6102	-0.0347004	529.371	2.61477	-0.034761099999999996	529.8340000000001	2.31747	0.030808699999999998	498.80400000000003	2.32603	0.0309226	499.725	img_SimpleFlight__0_1627900180968007000.png	0.6412723724231394	0.03517213547228577
SimpleFlight	2.304	7.64078	-2.26163	-30.4966	0.9837530000000001	0.00373508	-0.028827099999999994	-0.17715699999999998	5.20679	-1.93478	0.311745	-0.24051799999999998	0.040599800000000005	-0.22277399999999997	0.11513699999999999	0.058418700000000004	4.61103	-0.199445	0.08303839999999998	0.206198	1.40147	-0.018631400000000003	387.89599999999996	1.35509	-0.0180147	381.423	1.1283	0.014999799999999999	348.045	1.13106	0.015036500000000001	348.471	img_SimpleFlight__0_1627900181052040800.png	0.8216033791785343	0.1940028521170625
SimpleFlight	2.385	8.06432	-2.4184900000000003	-30.4833	0.9821799999999999	-0.00584352	-0.024571400000000004	-0.18624100000000002	5.24935	-1.94111	0.00624482	-0.26879699999999995	0.0537433	-0.22486199999999998	0.373186	-0.166794	-2.26282	-0.21412899999999999	0.23657399999999998	-0.20343699999999998	4.12104	-0.05478580000000001	665.1610000000001	4.1035699999999995	-0.0545535	663.7489999999999	4.0726	0.054141699999999994	661.24	4.03579	0.0536524	658.2439999999999	img_SimpleFlight__0_1627900181134462200.png	0.734049473259324	0.1955914200211711
SimpleFlight	2.463	8.47467	-2.57055	-30.4872	0.980352	-0.0155282	-0.0207023	-0.19555	5.2695099999999995	-1.95963	-0.0817826	-0.269421	0.0481624	-0.25161	0.17107	-0.311799	-0.481149	-0.45178999999999997	-0.021006599999999997	-0.491287	2.78268	-0.0369934	546.582	2.78764	-0.0370592	547.068	2.93724	0.0390481	561.556	2.94366	0.0391334	562.169	img_SimpleFlight__0_1627900181220556700.png	0.6492946506198174	0.19374541797447578
SimpleFlight	2.538	8.87025	-2.71855	-30.4942	0.978145	-0.024803099999999998	-0.0172288	-0.205717	5.2777	-1.9888299999999999	-0.10393499999999999	-0.26201199999999997	0.043338800000000004	-0.291362	0.0513808	-0.46821499999999994	-0.19372	1.1411	-0.115481	-0.5264310000000001	2.4415400000000003	-0.0324582	511.98199999999997	2.43608	-0.0323857	511.41	2.72341	0.036205400000000006	540.7280000000001	2.73555	0.0363669	541.933	img_SimpleFlight__0_1627900181301638400.png	0.5687954127138874	0.1893989341994277
SimpleFlight	2.619	9.297789999999999	-2.8813400000000002	-30.5028	0.9751559999999999	-0.034429	-0.013833700000000003	-0.218389	5.27631	-2.02902	-0.0534194	-0.27575700000000003	0.020832299999999998	-0.33913499999999996	-0.124294	-0.281287	4.74062	-1.38494	-1.18591	-0.553703	2.38563	-0.031715	506.087	2.39575	-0.0318495	507.159	2.6926200000000002	0.035796100000000004	537.663	2.6891700000000003	0.035750300000000006	537.319	img_SimpleFlight__0_1627900181383790400.png	0.48420766871043414	0.1826593656548382
SimpleFlight	2.694	9.69312	-3.03438	-30.4933	0.971748	-0.043574	-0.0113495	-0.231686	5.26521	-2.05703	0.260853	-0.234111	0.031066200000000002	-0.379744	-0.15346700000000002	-1.15373	-4.07468	2.87072	1.26404	-0.513552	1.0924	-0.014522499999999999	342.463	1.09952	-0.0146172	343.57800000000003	1.4232200000000002	0.0189205	390.894	1.4072	0.0187075	388.68800000000005	img_SimpleFlight__0_1627900181467970100.png	0.40813636187402724	0.17732962392956317
SimpleFlight	2.772	10.1032	-3.1987	-30.4875	0.9676950000000001	-0.0505404	-0.00865386	-0.246856	5.24806	-2.15341	-0.05759740000000001	-0.179355	0.038625400000000004	-0.412408	-0.27578800000000003	-1.11425	-2.0403	1.89114	0.033323	-0.358775	3.8296699999999997	-0.05091230000000001	641.215	3.8320199999999995	-0.0509434	641.4119999999999	4.10949	0.0546321	664.227	4.088509999999999	0.0543533	662.53	img_SimpleFlight__0_1627900181550872700.png	0.33397598226197545	0.16040332125948656
SimpleFlight	2.85	10.5116	-3.36997	-30.4962	0.9630799999999999	-0.0572329	-0.00621137	-0.262988	5.22314	-2.2379	-0.148531	-0.208286	0.039184500000000004	-0.437399	-0.366051	-1.0902399999999999	-0.666932	0.380886	-0.048942400000000004	-0.307667	2.7701700000000002	-0.036827099999999995	545.352	2.74601	-0.036505800000000005	542.967	2.9206	0.0388269	559.9630000000001	2.95209	0.039245499999999996	562.9730000000001	img_SimpleFlight__0_1627900181633326400.png	0.4660345497275186	0.30206176436012144
SimpleFlight	2.928	10.9179	-3.54768	-30.5074	0.9577459999999999	-0.0655191	-0.00357661	-0.280031	5.19444	-2.30817	-0.0407904	-0.294133	0.015092500000000002	-0.466916	-0.320783	-0.521741	4.89541	1.19791	0.314619	-0.415975	2.5647	-0.0340955	524.736	2.5536	-0.033948	523.6	2.76247	0.0367247	544.5930000000001	2.77639	0.0369097	545.9630000000001	img_SimpleFlight__0_1627900181717062900.png	0.3372955518377465	0.28870957661594937
SimpleFlight	3.0	11.290999999999999	-3.7153300000000002	-30.4979	0.9521120000000001	-0.07402539999999999	-0.00121008	-0.296651	5.168130000000001	-2.35265	0.280443	-0.243871	0.028950099999999996	-0.494357	-0.465228	-0.897242	2.74143	2.3568	0.0666778	-0.29328699999999996	1.12504	-0.0149565	347.542	1.1465	-0.0152418	350.841	1.39825	0.018588499999999997	387.449	1.34592	0.0178928	380.13	img_SimpleFlight__0_1627900181800036400.png	0.22246854513860065	0.2796697332172899
SimpleFlight	3.081	11.7073	-3.9111	-30.4807	0.945219	-0.0806795	0.00126973	-0.316307	5.10237	-2.50358	0.00402155	-0.188845	0.04711869999999999	-0.519772	-0.9980540000000001	-2.25982	-5.6855400000000005	0.670524	-0.253446	-0.22469099999999997	3.31279	-0.044040699999999995	596.376	3.36016	-0.0446705	600.624	3.5868800000000003	0.047684500000000005	620.557	3.4830400000000004	0.0463041	611.509	img_SimpleFlight__0_1627900181883059300.png	0.10096799850426201	0.25070254017600585
SimpleFlight	3.183	12.2229	-4.17671	-30.4985	0.935644	-0.0875934	0.00403227	-0.34188	5.00828	-2.6941	-0.275357	-0.148955	0.0499281	-0.5350699999999999	-0.8994270000000001	-1.6542400000000002	-1.05964	-0.441989	0.032610400000000005	-0.0271683	2.8097	-0.0373526	549.229	2.7937	-0.0371399	547.663	2.82495	0.03755530000000001	550.717	2.84145	0.0377746	552.323	img_SimpleFlight__0_1627900181965459500.png	0.031915986691756326	0.2133297625709249
SimpleFlight	3.318	12.8927	-4.55046	-30.5131	0.9216799999999999	-0.0982265	0.00732042	-0.375238	4.91955	-2.827	0.167134	-0.149356	0.0360292	-0.5172439999999999	-0.789478	-1.16267	2.58469	1.52146	0.21282600000000002	0.26463600000000004	1.2559799999999999	-0.016697200000000002	367.21	1.3403100000000001	-0.0178183	379.338	1.26851	0.0168638	369.038	1.15291	0.015327	351.82099999999997	img_SimpleFlight__0_1627900182128218900.png	0.18271455982030055	0.18529010696918094
SimpleFlight	3.402	13.3027	-4.79287	-30.4943	0.9129510000000001	-0.10286	0.00891018	-0.39479200000000003	4.83665	-2.95227	0.24245500000000003	-0.124372	0.0470197	-0.49057399999999995	-1.38564	-2.17627	-2.7048400000000004	2.96266	1.20213	0.261409	2.2986	-0.030557900000000002	496.769	2.28631	-0.030394599999999997	495.44	2.12902	0.028303500000000002	478.094	2.14083	0.028460500000000003	479.418	img_SimpleFlight__0_1627900182212275900.png	0.05334666312836193	0.31590968128403846
SimpleFlight	3.48	13.6748	-5.03135	-30.4922	0.905071	-0.10417	0.0105772	-0.41216899999999995	4.70162	-3.16351	-0.196458	-0.071072	0.0720501	-0.47609700000000005	-1.68315	-2.51633	-4.61796	1.87043	0.286598	0.164204	4.16131	-0.0553211	668.403	4.12245	-0.0548045	665.2739999999999	4.03543	0.0536477	658.216	4.0673	0.05407130000000001	660.809	img_SimpleFlight__0_1627900182294891700.png	0.181413352362348	0.2716631570433123
SimpleFlight	3.558	14.0371	-5.28439	-30.5141	0.8968149999999999	-0.10750499999999999	0.012799600000000001	-0.428954	4.60506	-3.29566	-0.20880500000000002	-0.21585	0.033037000000000004	-0.468438	-0.701268	-0.759095	4.9706	2.1905799999999997	0.46014099999999997	0.0613139	3.39989	-0.045198699999999994	604.165	3.3808199999999995	-0.044945099999999995	602.4680000000001	3.29966	0.0438662	595.193	3.32681	0.0442272	597.637	img_SimpleFlight__0_1627900182377745000.png	0.29257209954976976	0.24277868871851244
SimpleFlight	3.636	14.3939	-5.54404	-30.5166	0.8882049999999999	-0.11216199999999998	0.015144899999999998	-0.44528900000000005	4.53776	-3.37129	0.0969184	-0.124501	0.055385699999999996	-0.462387	-1.16731	-1.38311	1.7965400000000002	0.817398	0.283122	0.0411912	1.2495100000000001	-0.0166112	366.26300000000003	1.28054	-0.0170237	370.783	1.28026	0.01702	370.74300000000005	1.20529	0.0160233	359.723	img_SimpleFlight__0_1627900182460165500.png	0.39525576232692833	0.22496966876766586
SimpleFlight	3.711	14.7306	-5.80121	-30.5065	0.8798799999999999	-0.115205	0.0171025	-0.460701	4.43659	-3.49065	0.15254600000000001	-0.10388	0.0634539	-0.45593100000000003	-1.47894	-1.71918	0.0981321	1.00569	0.0590307	0.13236099999999998	2.21855	-0.0294937	488.042	2.2259599999999997	-0.029592200000000003	488.85699999999997	2.16906	0.0288358	482.56800000000004	2.15801	0.028689	481.338	img_SimpleFlight__0_1627900182543706200.png	0.4842658963553853	0.19730601843752457
SimpleFlight	3.786	15.0591	-6.06797	-30.4954	0.871554	-0.117028	0.0187516	-0.475759	4.31635	-3.6277800000000004	0.11628499999999999	-0.0271892	0.0818607	-0.446402	-2.28862	-2.66241	-4.864730000000001	8.42678	2.35473	0.135277	2.60003	-0.0345652	528.3380000000001	2.62194	-0.0348564	530.56	2.5414	0.033785699999999995	522.347	2.52009	0.0335025	520.153	img_SimpleFlight__0_1627900182625967300.png	0.5608124946824357	0.1650003050137567
SimpleFlight	3.864	15.3884	-6.35936	-30.5035	0.86336	-0.11436099999999999	0.0195373	-0.49107	4.1313699999999995	-3.8377	-0.30130999999999997	0.0372654	0.09338710000000001	-0.428922	-1.56439	-1.62307	0.13061099999999998	-3.87687	-1.0891600000000001	0.280679	4.15925	-0.0552937	668.237	4.12341	-0.0548172	665.352	4.03584	0.053653	658.248	4.06544	0.054046500000000004	660.658	img_SimpleFlight__0_1627900182708787300.png	0.6219715123515934	0.11537437449184887
SimpleFlight	3.942	15.7078	-6.66133	-30.5141	0.854984	-0.115256	0.020843599999999997	-0.505256	4.05545	-3.9057699999999995	0.024225099999999996	-0.05050809999999999	0.0670186	-0.40178400000000003	-1.19621	-1.1068799999999999	2.83298	-1.31116	-0.35565599999999997	0.425229	1.38499	-0.0184123	385.60900000000004	1.33372	-0.0177306	378.403	1.12671	0.014978700000000001	347.8	1.24614	0.016566400000000002	365.76800000000003	img_SimpleFlight__0_1627900182791736800.png	0.42419042919833533	0.25441837271483947
SimpleFlight	4.02	16.0199	-6.96992	-30.5069	0.8469969999999999	-0.115575	0.0222298	-0.518405	3.94256	-4.01162	0.13078199999999998	-0.0471064	0.0730145	-0.376581	-1.6195700000000002	-1.50894	0.42403900000000005	0.202494	0.0716947	0.203862	2.13184	-0.0283409	478.41	2.1640200000000003	-0.028768799999999997	482.00800000000004	1.9543599999999999	0.025981599999999997	458.06300000000005	1.91525	0.025461599999999997	453.457	img_SimpleFlight__0_1627900182874555100.png	0.5290615924075519	0.22693743971014618
SimpleFlight	4.092	16.2994	-7.262739999999999	-30.4969	0.8397690000000001	-0.11575	0.023790799999999997	-0.529929	3.8207699999999996	-4.1227599999999995	0.139799	-0.0392375	0.07767080000000001	-0.365681	-1.7372400000000001	-1.5477100000000001	-0.00777912	1.14101	0.00460209	0.144827	2.54362	-0.0338152	522.575	2.53324	-0.0336772	521.508	2.45168	0.0325929	513.044	2.45681	0.0326612	513.581	img_SimpleFlight__0_1627900182957428500.png	0.614376488624396	0.19762064530032247
SimpleFlight	4.17	16.5895	-7.59162	-30.5017	0.83224	-0.112597	0.024888099999999996	-0.5422899999999999	3.61562	-4.310309999999999	-0.27575700000000003	0.0337403	0.10180499999999999	-0.36152399999999996	-2.4418	-2.14447	-4.179869999999999	1.9517200000000001	0.351491	0.0467656	4.071280000000001	-0.0541242	661.132	4.14733	-0.055135199999999995	667.279	4.12744	0.05487080000000001	665.677	3.9639900000000003	0.052697900000000006	652.363	img_SimpleFlight__0_1627900183041384300.png	0.6898880723397386	0.1481951019484092
SimpleFlight	4.248	16.8676	-7.93089	-30.5151	0.8242879999999999	-0.112802	0.026645	-0.55418	3.52495	-4.37748	-0.00271966	-0.035769199999999994	0.0770216	-0.357112	-1.1945	-0.8592540000000001	3.42309	-3.69944	-0.274202	0.0262935	1.53993	-0.020472	406.606	1.3951	-0.018546599999999996	387.01300000000003	1.31043	0.0174211	375.085	1.58838	0.0211162	412.95300000000003	img_SimpleFlight__0_1627900183123911500.png	0.7497392139954308	0.12815307376516488
SimpleFlight	4.323	17.128	-8.26212	-30.509	0.8166329999999999	-0.112679	0.028141700000000002	-0.5653520000000001	3.4129199999999997	-4.46002	0.133045	-0.0212372	0.0754957	-0.350111	-1.6826599999999998	-1.23714	0.817937	0.9332969999999999	-0.06110319999999999	0.169519	1.9192599999999997	-0.0255149	453.931	1.94556	-0.025864599999999995	457.031	1.9003900000000002	0.025263999999999998	451.694	1.88372	0.0250424	449.709	img_SimpleFlight__0_1627900183205839400.png	0.7986995132023736	0.10339556923608129
SimpleFlight	4.407	17.4085	-8.64127	-30.4962	0.80828	-0.111332	0.0291858	-0.57744	3.2639	-4.56738	0.163785	0.00777002	0.07763819999999999	-0.336547	-1.81188	-1.27296	0.19384400000000002	0.80833	0.00485096	0.220059	2.49721	-0.0331982	517.786	2.49585	-0.03318019999999999	517.645	2.41856	0.0321527	509.56800000000004	2.41686	0.0321301	509.38800000000003	img_SimpleFlight__0_1627900183288830200.png	0.8397597484916441	0.07068613192809496
SimpleFlight	4.485	17.6548	-9.003639999999999	-30.4987	0.801118	-0.106314	0.028942900000000004	-0.588276	3.05009	-4.72329	-0.238222	0.09708910000000001	0.09839930000000001	-0.317254	-2.47048	-1.73333	-3.8273	2.78618	0.27174	0.320344	4.07354	-0.0541543	661.316	4.15532	-0.055241399999999996	667.921	4.05363	0.0538895	659.698	3.8880800000000004	0.0516887	646.087	img_SimpleFlight__0_1627900183370836200.png	0.8604272160759409	0.023606811431330275
SimpleFlight	4.563	17.8872	-9.37567	-30.5176	0.794167	-0.10373199999999999	0.0292113	-0.598067	2.9359	-4.79465	-0.0968777	0.0290608	0.06614289999999999	-0.289366	-0.9109780000000001	-0.464552	4.974080000000001	1.3740299999999999	1.0477299999999998	0.292246	3.27462	-0.043533300000000004	592.93	3.23957	-0.0430673	589.748	3.04256	0.0404482	571.535	3.08449	0.0410057	575.4590000000001	img_SimpleFlight__0_1627900183453694800.png	0.6530263702527233	0.15673608139760375
SimpleFlight	4.638	18.1045	-9.73682	-30.5129	0.787773	-0.102453	0.030148200000000003	-0.606636	2.84936	-4.84189	0.17222300000000001	0.000809503	0.0706209	-0.27260300000000004	-1.47926	-0.849958	1.7493	-0.0603077	0.0426267	0.18126099999999998	1.35721	-0.018043	381.722	1.30006	-0.0172832	373.599	1.15047	0.015294499999999999	351.44699999999995	1.2121899999999999	0.016115	360.751	img_SimpleFlight__0_1627900183537810900.png	0.7155792710687747	0.1392074670957891
SimpleFlight	4.707	18.2973	-10.0731	-30.4985	0.782007	-0.10138	0.0312079	-0.6141770000000001	2.73602	-4.9069	0.230929	-0.00203363	0.071168	-0.26760900000000004	-1.7508700000000001	-0.9925860000000001	0.263467	-0.46519499999999997	0.0227007	-0.00395839	2.25546	-0.029984399999999998	492.085	2.24925	-0.029901900000000002	491.408	2.18935	0.0291055	484.82	2.1983	0.029224599999999996	485.81	img_SimpleFlight__0_1627900183618134500.png	0.7650144603012169	0.11594984657344382
SimpleFlight	4.782	18.4959	-10.445	-30.4899	0.7759	-0.0978265	0.0315939	-0.622423	2.54498	-5.01941	-0.0924707	0.0348276	0.089133	-0.268948	-2.73616	-1.58446	-5.55574	0.979743	-0.515073	-0.00221116	3.16138	-0.042027800000000004	582.587	3.21379	-0.0427247	587.3969999999999	3.2462400000000002	0.043156	590.355	3.13383	0.0416616	580.044	img_SimpleFlight__0_1627900183700554700.png	0.8061769669613807	0.07655488315967493
SimpleFlight	4.86	18.6872	-10.8405	-30.5078	0.769418	-0.0943156	0.0318597	-0.63094	2.3759200000000003	-5.11116	-0.28026599999999996	0.0216609	0.0720092	-0.269185	-1.05355	-0.44025	3.95736	-6.6817	-2.13233	0.00201698	3.55144	-0.0472134	617.484	3.57798	-0.0475663	619.7869999999999	3.59418	0.0477816	621.188	3.55205	0.0472215	617.5369999999999	img_SimpleFlight__0_1627900183784134100.png	0.8315638240303987	0.04243481307051026
SimpleFlight	4.935	18.8629	-11.2248	-30.5152	0.762915	-0.0938544	0.0329156	-0.638803	2.3083	-5.13609	0.084936	-0.0124424	0.0577247	-0.26498	-0.96386	-0.357513	4.517469999999999	-0.633307	-0.26814899999999997	0.0889814	1.2727	-0.0169195	369.647	1.2595299999999998	-0.016744400000000003	367.72900000000004	1.2363600000000001	0.0164364	364.33099999999996	1.2755	0.0169567	370.05300000000005	img_SimpleFlight__0_1627900183864397000.png	0.8468242148347273	0.029678636642464663
SimpleFlight	5.052	19.1239	-11.8296	-30.4888	0.753211	-0.0910039	0.033280199999999996	-0.6506029999999999	2.12957	-5.2133199999999995	0.229933	0.117059	0.08360210000000001	-0.24827	-2.70256	-1.29201	-5.66897	6.2384699999999995	2.00799	0.200678	2.4293400000000003	-0.0322961	510.702	2.44918	-0.0325598	512.783	2.3315099999999997	0.0309954	500.31300000000005	2.31169	0.030732	498.18199999999996	img_SimpleFlight__0_1627900183946525400.png	0.856509832925767	0.004898370576506757
SimpleFlight	5.175	19.3669	-12.4795	-30.4973	0.7441399999999999	-0.0836074	0.0317367	-0.662011	1.84743	-5.34015	-0.23696	0.0644103	0.0721091	-0.22148600000000002	-1.76068	-0.708712	-0.944263	0.373377	-0.023624700000000002	0.10891400000000001	3.7244699999999997	-0.049513699999999994	632.347	3.76074	-0.0499958	635.418	3.6242	0.04818069999999999	623.7769999999999	3.5829199999999997	0.047631900000000005	620.214	img_SimpleFlight__0_1627900184108707200.png	0.6490701955655451	0.0974436604787881
SimpleFlight	5.25	19.5014	-12.8816	-30.5124	0.738632	-0.0823818	0.0324969	-0.668267	1.7556599999999998	-5.37133	-0.061713800000000006	-0.0211405	0.0405604	-0.21751500000000001	-0.811471	-0.19203	4.93651	3.45362	0.9932559999999999	-0.0157435	2.73267	-0.0363285	541.6469999999999	2.70512	-0.0359623	538.91	2.6682099999999997	0.0354716	535.221	2.69591	0.0358399	537.992	img_SimpleFlight__0_1627900184191872100.png	0.6859855690525711	0.08029166174438152
SimpleFlight	5.322	19.6256	-13.2688	-30.5045	0.733232	-0.0819331	0.033531599999999995	-0.67419	1.69085	-5.387490000000001	0.25504499999999997	-0.00801224	0.0490032	-0.221327	-1.1838	-0.347648	2.66668	-0.09613089999999999	0.154838	-0.0947827	1.25814	-0.016725900000000002	367.525	1.24385	-0.0165359	365.43199999999996	1.25633	0.0167018	367.26099999999997	1.25706	0.0167115	367.36699999999996	img_SimpleFlight__0_1627900184273334600.png	0.7163638682809538	0.06849251838232033
SimpleFlight	5.397	19.7477	-13.6745	-30.4863	0.727542	-0.0796722	0.0337365	-0.6805859999999999	1.54142	-5.43993	0.0790877	0.05724590000000001	0.0758604	-0.228579	-2.56851	-0.9361659999999999	-6.09652	-4.04247	-1.00748	-0.10728900000000001	2.0747299999999997	-0.0275818	471.959	2.0641599999999998	-0.027441200000000002	470.754	2.1215	0.0282036	477.249	2.1339	0.0283685	478.642	img_SimpleFlight__0_1627900184356083000.png	0.7403814514451685	0.0404956928977133
SimpleFlight	5.475	19.8611	-14.1012	-30.493000000000002	0.721386	-0.07702139999999999	0.0337397	-0.687409	1.37673	-5.4951	-0.184121	0.0379163	0.061679899999999996	-0.235303	-1.75805	-0.531219	-1.28241	0.667416	-0.149464	-0.0293647	2.81399	-0.0374096	549.648	2.83872	-0.0377384	552.058	2.84243	0.0377878	552.419	2.8237	0.0375386	550.595	img_SimpleFlight__0_1627900184440700200.png	0.7510370636609517	0.009865269388862705
SimpleFlight	5.553	19.9638	-14.5311	-30.5075	0.71502	-0.0754678	0.0340172	-0.694186	1.27205	-5.52193	-0.08362889999999999	-0.0517173	0.024031999999999998	-0.234869	-0.773311	-0.10090700000000001	4.92183	2.3734599999999997	0.313496	0.050360699999999994	2.71774	-0.03613	540.165	2.7231	-0.0362014	540.6990000000001	2.7256299999999998	0.036235	540.9490000000001	2.72031	0.0361642	540.4209999999999	img_SimpleFlight__0_1627900184523516100.png	0.7505412925641374	0.009206044359652107
SimpleFlight	5.628	20.057000000000002	-14.9455	-30.5001	0.708919	-0.0747962	0.0343584	-0.70047	1.2113	-5.5300400000000005	0.26775	0.0204198	0.0384301	-0.22693899999999997	-1.01741	-0.179791	3.33815	1.13565	0.164903	0.144901	1.2869	-0.0171082	371.702	1.2717	-0.0169062	369.501	1.22725	0.016315200000000002	362.986	1.2295200000000002	0.0163454	363.32099999999997	img_SimpleFlight__0_1627900184603467200.png	0.7444264103633162	0.019985002699801264
SimpleFlight	5.706	20.146	-15.3783	-30.4843	0.7030029999999999	-0.0715955	0.0333367	-0.706788	1.0540399999999999	-5.57218	0.010460700000000002	0.05288009999999999	0.054466099999999996	-0.212827	-2.13058	-0.5680069999999999	-4.34184	-0.195908	-0.265189	0.20665100000000003	2.93751	-0.039051800000000005	561.582	2.96729	-0.0394476	564.4209999999999	2.8999900000000003	0.0385529	557.9830000000001	2.8235	0.037536	550.575	img_SimpleFlight__0_1627900184685486400.png	0.5081643334504141	0.10841238718399392
SimpleFlight	5.781	20.2198	-15.7975	-30.4912	0.697554	-0.06892960000000001	0.032873599999999996	-0.7124510000000001	0.920579	-5.60414	-0.153666	0.036436199999999995	0.056461000000000004	-0.203742	-1.5624799999999999	-0.33305500000000005	-0.880574	-0.24049099999999998	0.0668544	0.030142900000000004	3.32635	-0.044220999999999996	597.595	3.33751	-0.04436930000000001	598.597	3.2587099999999998	0.0433218	591.488	3.23129	0.042957300000000004	588.994	img_SimpleFlight__0_1627900184767561400.png	0.548846779750806	0.08427379449518717
SimpleFlight	5.862	20.2895	-16.2524	-30.5053	0.691627	-0.0669738	0.0333424	-0.71837	0.802596	-5.62669	-0.17384000000000002	-0.0138813	0.052536599999999996	-0.206125	-0.922003	-0.0882996	3.3984300000000003	-6.5080599999999995	-1.51233	-0.15349400000000002	2.64771	-0.035199	533.16	2.63105	-0.0349776	531.481	2.6306700000000003	0.034972500000000004	531.442	2.64676	0.03518640000000001	533.065	img_SimpleFlight__0_1627900184849571000.png	0.5826408752654093	0.06314529197107377
SimpleFlight	5.937	20.3476	-16.6745	-30.5051	0.685616	-0.06844489999999999	0.0359293	-0.723847	0.747735	-5.62796	0.187031	-0.0994158	0.0407211	-0.22147399999999998	-0.729129	-0.00481249	4.9142	-1.09041	-0.24710100000000002	-0.262498	1.23458	-0.016412599999999996	364.06800000000004	1.2010100000000001	-0.0159664	359.084	1.27201	0.0169103	369.545	1.35051	0.017953900000000002	380.778	img_SimpleFlight__0_1627900184930874800.png	0.6074441880485809	0.053547360984001924
SimpleFlight	6.012	20.4012	-17.0967	-30.4799	0.67896	-0.0691163	0.038482999999999996	-0.729901	0.656057	-5.6367199999999995	0.324499	0.03215	0.09079580000000001	-0.251044	-2.40213	-0.393431	-5.72011	-0.733599	0.800132	-0.550339	1.14974	-0.015284799999999998	351.335	1.16161	-0.0154426	353.145	1.36239	0.018111900000000004	382.45	1.3416	0.0178354	379.52	img_SimpleFlight__0_1627900185013300000.png	0.6277535269203804	0.03732870319013274
SimpleFlight	6.09	20.4452	-17.5375	-30.4713	0.6708930000000001	-0.06840189999999999	0.041051300000000006	-0.737251	0.47661000000000003	-5.66164	-0.0675821	-0.08775930000000001	0.08154310000000001	-0.300279	-2.00735	-0.206039	-2.9987	-1.12752	-0.030081	-0.7893560000000001	3.8376699999999997	-0.0510185	641.884	3.76399	-0.050039099999999996	635.693	4.05358	0.0538889	659.694	4.17817	0.0555453	669.755	img_SimpleFlight__0_1627900185095885900.png	0.6370331202078043	0.005444489418000239
SimpleFlight	6.168	20.4766	-17.9795	-30.4826	0.6608109999999999	-0.06932410000000001	0.045547699999999997	-0.745955	0.33336	-5.67131	-0.198774	-0.144901	0.0971764	-0.370096	-1.7591	-0.059345	-0.9258770000000001	0.169436	0.117185	-0.9907819999999999	2.82127	-0.0375064	550.3580000000001	2.82234	-0.037520599999999994	550.462	3.2795	0.0435981	593.372	3.27724	0.043568199999999994	593.168	img_SimpleFlight__0_1627900185178779000.png	0.6336574041753185	0.019827303073742218
SimpleFlight	6.249	20.4978	-18.439	-30.5015	0.647332	-0.0715735	0.0531456	-0.756977	0.187157	-5.67143	-0.26468200000000003	-0.24318800000000002	0.14409	-0.47193900000000005	-1.8824	0.0626259	-0.8165359999999999	-1.58453	0.823894	-1.5001	2.42651	-0.0322584	510.404	2.43732	-0.032402099999999996	511.539	3.00806	0.03998959999999999	568.285	3.00009	0.0398836	567.531	img_SimpleFlight__0_1627900185262037300.png		
SimpleFlight	6.327	20.5089	-18.8809	-30.5116	0.629393	-0.080874	0.0702164	-0.769671	0.103618	-5.6584699999999994	0.058029899999999995	-0.617257	0.21629600000000002	-0.621692	-1.01586	0.22307800000000003	4.96951	-8.98937	1.6141299999999998	-2.52429	1.1188799999999999	-0.014874600000000002	346.589	0.7238829999999999	-0.00962341	278.777	1.5966799999999999	0.0212265	414.03	2.10969	0.0280466	475.91900000000004	img_SimpleFlight__0_1627900185344866000.png		
SimpleFlight	6.405	20.5136	-19.3215	-30.491999999999997	0.603531	-0.0924621	0.0979738	-0.785877	0.0130828	-5.63494	0.43863199999999997	-0.9025290000000001	0.42011899999999996	-0.871533	-2.00355	0.506687	2.27224	12.3121	4.83713	-3.69545	0.538895	-0.00716415	240.533	0.40670100000000003	-0.00540674	208.959	2.02212	0.0268824	465.936	2.04762	0.027221299999999997	468.865	img_SimpleFlight__0_1627900185429697600.png		
SimpleFlight	6.48	20.5061	-19.7418	-30.4616	0.568235	-0.09109249999999999	0.128187	-0.8077	-0.222543	-5.562790000000001	0.348559	-0.9834350000000001	0.958242	-1.16032	-3.50195	1.39669	-1.78855	-6.26949	10.0939	-3.82723	1.83034	-0.0243328	443.291	1.96459	-0.026117599999999998	459.26099999999997	4.1642	0.055359500000000006	668.6339999999999	3.7065099999999997	0.0492749	630.82	img_SimpleFlight__0_1627900185512434000.png		
SimpleFlight	6.552	20.4806	-20.1376	-30.4412	0.518483	-0.0791509	0.186185	-0.83081	-0.494175	-5.41365	0.221133	-1.17913	1.91967	-1.4065	-4.09437	2.98285	-1.9599	10.9629	-0.748598	-3.10938	2.34881	-0.0312255	502.166	1.75437	-0.0233229	433.994	4.17914	0.0555581	669.8330000000001	4.01565	0.0533847	656.6	img_SimpleFlight__0_1627900185594267900.png		
SimpleFlight	6.627	20.4347	-20.5351	-30.4244	0.45651099999999994	-0.00501779	0.210889	-0.8643489999999999	-0.719313	-5.15956	0.19792300000000002	0.37751399999999996	2.4741	-1.29636	-2.5352099999999997	4.567480000000001	-1.60491	-7.194380000000001	-3.57651	3.6845	0.9903069999999999	-0.0131653	326.068	2.37544	-0.0315795	505.004	4.17899	0.0555562	669.821	1.6770599999999998	0.022295099999999998	424.324	img_SimpleFlight__0_1627900185675535700.png		
