Vehicle2Name	TimeStamp	POS_X	POS_Y	POS_Z	Q_W	Q_X	Q_Y	Q_Z	v_X	v_Y	v_Z	av_X	av_Y	av_Z	a_X	a_Y	a_Z	aa_X	aa_Y	aa_Z	thrust0	torque0	speed0	thrust1	torque1	speed1	thrust2	torque2	speed2	thrust3	torque3	speed3	ImageImageFile	ctes	Theta_e
SimpleFlight	0.0	0.00784038	-3.74186	-30.4251	0.9865649999999999	0.148323	-0.0559279	0.0395124	0.06761339999999999	0.181739	0.102354	1.9395200000000001	-0.606525	0.687563	1.0342	3.0944	-0.301854	-17.4425	3.92938	4.74225	4.17314	-0.0554784	669.352	3.5428800000000003	-0.0470996	616.739	1.05677	0.0140489	336.833	1.08451	0.014417600000000001	341.224	img_SimpleFlight__0_1627900332803290800.png	3.7297099452776794	1.2931668216225014
SimpleFlight	0.078	0.016671599999999998	-3.71651	-30.4185	0.973816	0.20114200000000002	-0.0767754	0.0729997	0.162968	0.48714399999999997	0.0641927	0.873531	-0.342244	1.03284	1.37324	4.59624	-0.6251869999999999	-12.7521	2.47094	4.0902	4.17945	-0.0555622	669.857	3.85402	-0.0512359	643.25	1.44174	0.019166700000000002	393.42900000000003	1.63024	0.0216726	418.35900000000004	img_SimpleFlight__0_1627900332889816100.png	3.703745201332172	1.3265021121858565
SimpleFlight	0.159	0.034678	-3.6608400000000003	-30.416	0.964141	0.21723	-0.0949867	0.11925	0.28492199999999995	0.898861	-0.00958584	0.186886	-0.166624	1.3399	1.62228	5.45671	-1.1903	-5.99896	1.63632	3.48259	4.17945	-0.0555622	669.857	3.92691	-0.0522049	649.305	1.8155599999999998	0.0241363	441.49699999999996	1.9875200000000002	0.0264224	461.93300000000005	img_SimpleFlight__0_1627900332975357700.png	3.6468340475019345	1.3423740212447053
SimpleFlight	0.24	0.0633033	-3.56964	-30.4214	0.95495	0.211495	-0.1119	0.175555	0.42455200000000004	1.35756	-0.130215	-0.15373	-0.0424892	1.59742	1.8222200000000002	5.8043	-1.79477	-2.97012	1.24771	2.88164	4.17945	-0.0555622	669.857	4.03176	-0.05359880000000001	657.916	2.24645	0.029864699999999997	491.102	2.31847	0.030822000000000002	498.911	img_SimpleFlight__0_1627900333062721600.png	3.553669271512535	1.3462402338681767
SimpleFlight	0.321	0.10388199999999999	-3.4350199999999997	-30.4394	0.942117	0.192665	-0.128475	0.24246399999999999	0.5861029999999999	1.8479	-0.307242	-0.33116999999999996	0.053495600000000004	1.81492	2.02652	5.82228	-2.41171	-1.6176700000000002	0.9522290000000001	2.3074	4.17945	-0.0555622	669.857	4.084890000000001	-0.054305200000000005	662.237	2.63572	0.0350397	531.952	2.62778	0.0349341	531.15	img_SimpleFlight__0_1627900333149482200.png	3.4162804919375693	1.3422001891471447
SimpleFlight	0.402	0.157721	-3.27333	-30.4712	0.9248280000000001	0.167623	-0.142724	0.310202	0.752273	2.29523	-0.515638	-0.431095	0.126436	1.97616	2.2416	5.62035	-2.92685	-0.393424	1.24889	1.8396	4.17945	-0.0555622	669.857	4.11383	-0.0546899	664.579	2.95716	0.039313	563.457	2.92696	0.038911400000000006	560.572	img_SimpleFlight__0_1627900333236312900.png	3.2508647689913692	1.332614504981078
SimpleFlight	0.483	0.22627199999999997	-3.0694	-30.523000000000003	0.899853	0.135962	-0.156147	0.383924	0.941998	2.73063	-0.758292	-0.42503100000000005	0.0144006	2.09957	2.21102	4.60255	-1.7728099999999998	6.39974	-15.5202	0.413788	4.17945	-0.0555622	669.857	4.1178099999999995	-0.0547428	664.9	3.21861	0.04278869999999999	587.8380000000001	3.1886799999999997	0.0423908	585.0980000000001	img_SimpleFlight__0_1627900333322779900.png	3.042184967651932	1.3171452882781245
SimpleFlight	0.567	0.31201599999999996	-2.82715	-30.5852	0.8669709999999999	0.102415	-0.173617	0.45577399999999996	1.09071	3.00913	-0.661431	-0.590734	0.145001	1.86212	1.55266	2.5318400000000003	2.7970900000000003	-3.57361	2.9342599999999996	-5.77645	2.46734	-0.032801199999999996	514.68	2.07564	-0.027593799999999998	472.061	3.2329	0.042978699999999995	589.141	3.05799	0.0406534	572.982	img_SimpleFlight__0_1627900333410298700.png	2.793954346850994	1.3015984179117408
SimpleFlight	0.645	0.402109	-2.5849900000000003	-30.6285	0.84109	0.06431	-0.182776	0.505001	1.22422	3.19754	-0.45531099999999997	-0.732078	0.35512	1.30387	1.90367	2.30702	2.39456	-3.455	2.89526	-7.46398	0.262919	-0.00349529	168.01	0.059932900000000004	-0.0007967569999999999	80.215	3.8973199999999997	0.0518116	646.854	3.8614900000000003	0.05133530000000001	643.874	img_SimpleFlight__0_1627900333497917700.png	2.5454722300027712	1.2836897005401764
SimpleFlight	0.726	0.507845	-2.31895	-30.6574	0.824894	0.0197923	-0.18574300000000002	0.5335340000000001	1.39141	3.36464	-0.262024	-0.876709	0.593755	0.699503	2.27185	1.82818	2.2479	-3.5952	4.1936	-7.3994800000000005	0.153309	-0.00203811	128.29399999999998	0.00042335	-5.62808e-06	6.74175	4.17879	0.055553399999999996	669.805	4.13492	0.0549702	666.28	img_SimpleFlight__0_1627900333584927200.png	2.2719563915905305	1.2572129384355386
SimpleFlight	0.81	0.633232	-2.0306599999999997	-30.6716	0.821807	-0.035448900000000005	-0.18126099999999998	0.539	1.60266	3.49024	-0.0848929	-1.14805	1.0167700000000002	0.0898405	3.00175	1.2030399999999999	1.3280299999999998	-6.19	8.47777	-6.4702	0.20577199999999998	-0.00273556	148.63299999999998	0.000341065	-4.534169999999999e-06	6.0512	4.17945	0.0555622	669.857	4.11751	0.054738800000000004	664.8760000000001	img_SimpleFlight__0_1627900333676974000.png	1.9747173428125795	1.2188716600411746
SimpleFlight	0.888	0.768501	-1.7557	-30.6759	0.830201	-0.10300999999999999	-0.164605	0.521266	1.88852	3.54336	-0.036926	-1.24017	1.55506	-0.36422	3.96139	-0.07158939999999998	0.120879	9.43866	-4.43152	-5.22154	1.1233799999999998	-0.014934399999999999	347.285	0.716477	-0.00952495	277.347	4.17945	0.0555622	669.857	4.04798	0.0538145	659.238	img_SimpleFlight__0_1627900333761191200.png	1.689991869309309	1.159658342254771
SimpleFlight	0.969	0.9340729999999999	-1.47042	-30.6792	0.8447680000000001	-0.157325	-0.14390899999999998	0.49082200000000004	2.21788	3.4809	-0.0506874	-0.6656770000000001	1.0528899999999999	-0.752123	4.42879	-1.4571100000000001	-0.45586800000000005	5.69537	-4.8669400000000005	-4.69107	1.04576	-0.0139024	335.07199999999995	1.50556	-0.0200152	402.043	4.1508199999999995	0.055181600000000004	667.559	4.17446	0.05549590000000001	669.4580000000001	img_SimpleFlight__0_1627900333845450900.png	1.3926006629440715	1.0820423996815387
SimpleFlight	1.05	1.12853	-1.1945	-30.6854	0.8640770000000001	-0.18599200000000002	-0.128966	0.44960600000000006	2.5863099999999997	3.31722	-0.10924500000000001	-0.339826	0.758347	-1.10555	4.6354	-2.5361599999999997	-1.00001	2.96311	-2.73354	-4.03294	1.56711	-0.0208333	410.17800000000005	1.7989700000000002	-0.023915799999999997	439.476	4.137919999999999	0.0550101	666.5210000000001	4.17945	0.0555622	669.857	img_SimpleFlight__0_1627900333932515800.png	1.1022743118424774	0.9871201016578348
SimpleFlight	1.134	1.3622299999999998	-0.9258700000000001	-30.6988	0.8880680000000001	-0.199951	-0.11921400000000001	0.396412	2.97808	3.0664599999999997	-0.21811999999999998	-0.161156	0.589799	-1.41562	4.66571	-3.3982699999999997	-1.5952	1.1673200000000001	-1.12225	-3.35344	1.9896099999999999	-0.0264502	462.176	2.08292	-0.0276906	472.889	4.150180000000001	0.0551731	667.508	4.17945	0.0555622	669.857	img_SimpleFlight__0_1627900334018808800.png	0.8161365178101497	0.8785583979394023
SimpleFlight	1.218	1.62875	-0.6811189999999999	-30.7234	0.9134469999999999	-0.205019	-0.11363399999999999	0.332671	3.36605	2.75123	-0.37665	-0.0840931	0.514001	-1.6701099999999998	4.55049	-4.08434	-2.17417	1.11305	-0.986719	-2.7156	2.39115	-0.0317884	506.67199999999997	2.43452	-0.0323648	511.245	4.15551	0.0552439	667.936	4.17945	0.0555622	669.857	img_SimpleFlight__0_1627900334106363000.png	0.7730237581400708	0.9208485360959756
SimpleFlight	1.302	1.9273099999999999	-0.46510100000000004	-30.7633	0.937276	-0.20516199999999998	-0.11081500000000001	0.25911999999999996	3.73895	2.3841799999999997	-0.581152	-0.0557564	0.47203	-1.8737400000000002	4.3106800000000005	-4.63583	-2.68413	0.062019000000000005	-0.34567600000000004	-2.14577	2.82513	-0.0375577	550.734	2.7985700000000002	-0.0372046	548.139	4.15216	0.0551994	667.6669999999999	4.17945	0.0555622	669.857	img_SimpleFlight__0_1627900334193498300.png	0.4932769048427867	0.8032710480219781
SimpleFlight	1.38	2.23177	-0.293677	-30.8173	0.9556520000000001	-0.202754	-0.10986199999999999	0.18316500000000002	4.06364	2.0058599999999998	-0.806709	-0.06051469999999999	0.450842	-2.02295	3.9975099999999997	-5.04306	-3.07138	-1.3516700000000001	0.433812	-1.6907400000000001	3.06126	-0.0406969	573.289	3.02799	-0.0402545	570.164	4.14923	0.0551605	667.432	4.17945	0.0555622	669.857	img_SimpleFlight__0_1627900334279676100.png	0.255514588128966	0.6941433208909008
SimpleFlight	1.458	2.5600099999999997	-0.152199	-30.8881	0.968571	-0.19891199999999998	-0.109989	0.101025	4.33223	1.6389900000000002	-0.959944	-0.0694058	0.43044799999999994	-2.14815	2.62177	-3.94175	0.140654	0.340099	-0.43367	-1.41713	3.26329	-0.0433827	591.904	3.24682	-0.04316369999999999	590.408	4.14849	0.0551507	667.372	4.17945	0.0555622	669.857	img_SimpleFlight__0_1627900334365598800.png	0.041319530298879706	0.5973018117113673
SimpleFlight	1.536	2.90489	-0.035432099999999994	-30.9601	0.974678	-0.193602	-0.111008	0.0140833	4.500780000000001	1.36284	-0.863555	-0.09711510000000001	0.41202799999999995	-2.24255	1.84244	-3.31258	1.8774	0.241182	-0.505264	-0.87755	2.22116	-0.0295284	488.329	2.17326	-0.0288916	483.035	2.8752400000000002	0.0382238	555.597	2.92428	0.0388758	560.315	img_SimpleFlight__0_1627900334452072300.png	0.15273172804582774	0.5296438437363885
SimpleFlight	1.617	3.27509	0.06422409999999999	-31.0234	0.9727680000000001	-0.187223	-0.112357	-0.07775080000000001	4.63506	1.09846	-0.697473	-0.121546	0.386776	-2.18802	1.5016399999999999	-3.25284	2.11948	-0.303191	-0.307899	2.19064	2.22312	-0.0295545	488.545	2.22981	-0.029643400000000004	489.279	2.23817	0.0297546	490.19599999999997	2.26594	0.030123700000000003	493.227	img_SimpleFlight__0_1627900334536254900.png	0.3360558930064194	0.46831583937892723
SimpleFlight	1.701	3.66941	0.144984	-31.0746	0.963043	-0.18070999999999998	-0.112477	-0.165046	4.74991	0.8232520000000001	-0.522529	-0.13475299999999998	0.358592	-1.9021099999999997	1.2404	-3.30845	2.01195	-0.652943	-0.258996	4.43341	3.06834	-0.0407909	573.951	3.0253200000000002	-0.0402191	569.913	1.30487	0.017347099999999997	374.288	1.36426	0.018136700000000002	382.712	img_SimpleFlight__0_1627900334620236900.png	0.506636566416405	0.4072340821634105
SimpleFlight	1.779	4.04345	0.19908499999999998	-31.1093	0.950358	-0.175604	-0.11033399999999999	-0.23196799999999998	4.83763	0.563338	-0.371274	-0.135639	0.337719	-1.50889	1.01302	-3.36122	1.8410400000000002	-0.501508	-0.221475	5.45228	3.50109	-0.0465441	613.091	3.49007	-0.0463975	612.125	0.89915	0.0119534	310.698	0.933325	0.012407799999999998	316.548	img_SimpleFlight__0_1627900334705753900.png	0.6465606553765026	0.35154649483590317
SimpleFlight	1.863	4.4531	0.234552	-31.1341	0.9370799999999999	-0.17134000000000002	-0.105169	-0.285418	4.9122900000000005	0.280886	-0.221781	-0.12031300000000002	0.321168	-1.0352	0.771885	-3.37609	1.6735200000000001	-0.27058000000000004	-0.191465	5.59729	3.76554	-0.0500597	635.8240000000001	3.7922800000000003	-0.050415100000000004	638.077	0.665538	0.00884776	267.306	0.656638	0.00872944	265.513	img_SimpleFlight__0_1627900334790814100.png	0.7766785926468193	0.2927375085334512
SimpleFlight	1.944	4.853280000000001	0.24628899999999998	-31.1467	0.927689	-0.16817000000000001	-0.09753049999999999	-0.318748	4.96553	0.00925114	-0.0898323	-0.0879175	0.310915	-0.600273	0.5505800000000001	-3.34865	1.5276399999999999	-0.18701099999999998	-0.154611	4.97002	3.75369	-0.0499022	634.823	3.7466800000000005	-0.0498089	634.229	0.757594	0.0100716	285.195	0.778425	0.0103485	289.089	img_SimpleFlight__0_1627900334874770400.png	0.8815114641103841	0.2374825188821387
SimpleFlight	2.022	5.24207	0.236877	-31.1492	0.9228850000000001	-0.16583499999999998	-0.0881325	-0.336175	5.00076	-0.250689	0.022018	-0.08652649999999999	0.299536	-0.254169	0.35316	-3.3115300000000003	1.34923	1.31765	-0.043317800000000004	3.841	3.56861	-0.0474416	618.974	3.5649	-0.0473923	618.6519999999999	0.996183	0.013243399999999999	327.034	1.0100799999999999	0.0134281	329.306	img_SimpleFlight__0_1627900334958977100.png	0.7641431278839205	0.3426108312469552
SimpleFlight	2.103	5.64809	0.205619	-31.1435	0.9216690000000001	-0.16433	-0.0768886	-0.342942	5.02161	-0.5207109999999999	0.114478	-0.0707363	0.28778899999999996	-0.00891531	0.156025	-3.29883	1.07438	0.760071	-0.106352	2.32353	3.25276	-0.0432426	590.947	3.2806900000000003	-0.043613900000000004	593.479	1.39771	0.0185814	387.375	1.37275	0.018249500000000002	383.9	img_SimpleFlight__0_1627900335044326100.png	0.8906416286655561	0.28937432292476595
SimpleFlight	2.181	6.040080000000001	0.15498800000000001	-31.1316	0.922939	-0.16274	-0.0655846	-0.342634	5.02658	-0.7766270000000001	0.189207	-0.0426316	0.276355	0.117775	-0.027453700000000004	-3.25109	0.866725	0.04832430000000001	-0.17485	0.9752360000000001	2.90109	-0.038567500000000005	558.089	2.91993	-0.038818	559.898	1.85355	0.0246414	446.093	1.8404099999999999	0.0244667	444.509	img_SimpleFlight__0_1627900335127091000.png	0.9938727627077688	0.23940712596279176
SimpleFlight	2.265	6.462000000000001	0.07843660000000001	-31.1127	0.9255	-0.160155	-0.0538234	-0.338973	5.01651	-1.04454	0.25945799999999997	-0.00621301	0.261683	0.15253	-0.20801	-3.1410299999999998	0.762547	0.13913599999999998	-0.199843	-0.119742	2.54356	-0.0338145	522.57	2.57545	-0.0342384	525.835	2.23841	0.029757799999999997	490.222	2.21327	0.029423500000000002	487.461	img_SimpleFlight__0_1627900335211099800.png	1.0846102848461627	0.18741187683169444
SimpleFlight	2.343	6.8525100000000005	-0.0124389	-31.0901	0.927884	-0.156639	-0.043957199999999995	-0.335505	4.99455	-1.2838200000000002	0.319058	0.0225806	0.245389	0.115977	-0.352798	-3.02537	0.6694220000000001	-0.647382	-0.21884299999999998	-0.832298	2.33639	-0.031060400000000005	500.837	2.34553	-0.031181900000000002	501.815	2.52222	0.033530800000000006	520.373	2.5236099999999997	0.033549199999999994	520.516	img_SimpleFlight__0_1627900335295058900.png	1.150093977562324	0.14110167091904316
SimpleFlight	2.424	7.255780000000001	-0.12617899999999999	-31.061999999999998	0.9296	-0.151891	-0.0352033	-0.333967	4.96077	-1.52255	0.373015	0.06257280000000001	0.225923	0.0365815	-0.476867	-2.8788	0.624748	0.678307	-0.246007	-1.1193	2.1783	-0.0289587	483.595	2.20975	-0.0293767	487.07300000000004	2.71497	0.0360933	539.891	2.69602	0.0358413	538.003	img_SimpleFlight__0_1627900335378463900.png	1.1993365749164062	0.09490757208920084
SimpleFlight	2.502	7.64118	-0.25354499999999996	-31.0311	0.9302159999999999	-0.14620999999999998	-0.028431900000000003	-0.335428	4.91984	-1.7412400000000001	0.42016899999999996	0.09241260000000001	0.20655700000000002	-0.0534663	-0.566778	-2.71752	0.617084	0.568509	-0.25554	-1.1339	2.12436	-0.0282416	477.57	2.1379200000000003	-0.0284218	479.091	2.75988	0.0366903	544.3380000000001	2.7589599999999996	0.036677999999999995	544.246	img_SimpleFlight__0_1627900335462655800.png	1.2291519292120794	0.05253448740345718
SimpleFlight	2.58	8.02313	-0.397511	-30.9966	0.9297270000000001	-0.139719	-0.0232035	-0.339924	4.872719999999999	-1.94819	0.463179	0.115908	0.187637	-0.13736900000000002	-0.636867	-2.5834900000000003	0.49910699999999997	0.10858399999999999	-0.230496	-0.980165	2.12032	-0.0281878	477.115	2.14197	-0.028475599999999997	479.545	2.7256099999999996	0.036234699999999995	540.948	2.71678	0.0361173	540.071	img_SimpleFlight__0_1627900335546217700.png	1.2423106254264051	0.012351586509205955
SimpleFlight	2.661	8.41569	-0.5636	-30.9574	0.928149	-0.132471	-0.0191408	-0.34731100000000004	4.81911	-2.15098	0.50084	0.10990499999999999	0.171024	-0.205781	-0.691733	-2.45967	0.301369	-1.2368299999999999	-0.119702	-0.81416	2.20379	-0.0292976	486.417	2.214	-0.029433299999999996	487.542	2.68982	0.0357588	537.384	2.69028	0.035765	537.43	img_SimpleFlight__0_1627900335629946000.png	1.031094561883681	0.1299694210914236
SimpleFlight	2.739	8.789439999999999	-0.738725	-30.9175	0.92556	-0.126336	-0.0157999	-0.35655	4.76326	-2.33786	0.520016	0.09589160000000001	0.157553	-0.26096199999999997	-0.741744	-2.34425	0.150002	0.00484414	-0.16144	-0.624524	2.29885	-0.0305613	496.79699999999997	2.30441	-0.030635200000000005	497.397	2.71725	0.0361235	540.117	2.72034	0.0361646	540.424	img_SimpleFlight__0_1627900335713117900.png	1.0770597916637559	0.09350935956977537
SimpleFlight	2.82	9.172789999999999	-0.9356479999999999	-30.875	0.921961	-0.120485	-0.012928100000000001	-0.36783699999999997	4.7014	-2.52258	0.5285	0.0913176	0.144481	-0.301398	-0.7789550000000001	-2.19842	0.14182899999999998	0.505642	-0.17328	-0.33382	2.39359	-0.031820799999999996	506.93	2.38637	-0.0317247	506.165	2.68899	0.035747900000000006	537.3009999999999	2.7029099999999997	0.035932900000000004	538.69	img_SimpleFlight__0_1627900335795537200.png	1.1094551573625144	0.05731316971829022
SimpleFlight	2.898	9.53709	-1.13904	-30.8337	0.91789	-0.115078	-0.010704	-0.379632	4.63895	-2.69085	0.530694	0.09025219999999999	0.13302999999999998	-0.319242	-0.814238	-2.09425	0.010092700000000001	0.00416352	-0.139682	-0.0844364	2.4522	-0.0325999	513.0980000000001	2.45817	-0.0326793	513.7230000000001	2.61072	0.0347073	529.424	2.61143	0.034716699999999996	529.495	img_SimpleFlight__0_1627900335878611000.png	1.126381196180227	0.024153144227558453
SimpleFlight	2.982	9.923869999999999	-1.3723100000000001	-30.7891	0.913218	-0.109278	-0.00882894	-0.392446	4.5697	-2.8610900000000004	0.530367	0.0963605	0.121958	-0.31391399999999997	-0.832252	-1.9594799999999999	-0.0180607	-0.356364	-0.10966400000000001	0.189505	2.53443	-0.0336931	521.631	2.5468	-0.033857599999999995	522.9019999999999	2.5226599999999997	0.0335366	520.418	2.5161	0.033449400000000004	519.741	img_SimpleFlight__0_1627900335961802600.png	1.1295778199021829	0.009611351650117735
SimpleFlight	3.063	10.2913	-1.61036	-30.7463	0.908809	-0.10360499999999999	-0.00743164	-0.404075	4.501869999999999	-3.01504	0.525967	0.103278	0.11217	-0.287502	-0.839733	-1.8403599999999998	-0.0865955	0.0973113	-0.115998	0.43539799999999995	2.61796	-0.0348035	530.1569999999999	2.63326	-0.035006999999999996	531.7040000000001	2.47044	0.0328424	515.003	2.46082	0.0327145	514.0	img_SimpleFlight__0_1627900336044706000.png	1.118588476411273	0.04034206048114716
SimpleFlight	3.141	10.6399	-1.851	-30.7055	0.904992	-0.0979576	-0.00641194	-0.413947	4.43679	-3.15333	0.5206890000000001	0.113727	0.103646	-0.246356	-0.831384	-1.7179099999999998	-0.112166	0.028251599999999995	-0.10926199999999998	0.592037	2.6913400000000003	-0.0357791	537.536	2.69345	-0.0358072	537.747	2.43205	0.032332	510.986	2.43445	0.0323639	511.23800000000006	img_SimpleFlight__0_1627900336127491200.png	1.095552146921085	0.06810789426021009
SimpleFlight	3.219	10.9835	-2.10204	-30.6651	0.9018379999999999	-0.0921423	-0.00564006	-0.422097	4.37288	-3.2819599999999998	0.514406	0.12158900000000002	0.0957075	-0.195651	-0.806561	-1.58345	-0.0638399	0.0765433	-0.0989954	0.692496	2.72166	-0.0361822	540.555	2.7246799999999998	-0.036222199999999996	540.854	2.3816900000000003	0.0316626	505.66900000000004	2.38265	0.031675299999999997	505.77	img_SimpleFlight__0_1627900336210570000.png	0.8045815202427421	0.06302070298115649
SimpleFlight	3.297	11.3221	-2.3627700000000003	-30.6254	0.899429	-0.0866628	-0.00485592	-0.428361	4.31056	-3.40185	0.5028630000000001	0.0910582	0.0881197	-0.146836	-0.792568	-1.4902799999999998	-0.212441	-0.30656500000000003	-0.0965172	0.5046189999999999	2.7481400000000002	-0.036534199999999996	543.178	2.7379700000000002	-0.036399	542.173	2.3784099999999997	0.031618900000000005	505.32	2.3925400000000003	0.031806799999999996	506.819	img_SimpleFlight__0_1627900336294159800.png	0.8262239819964478	0.038743834428591764
SimpleFlight	3.378	11.6687	-2.64311	-30.5854	0.897444	-0.08229410000000001	-0.00361131	-0.43337	4.24653	-3.51899	0.48162299999999997	0.06736349999999999	0.0805908	-0.11699200000000001	-0.790626	-1.4058899999999999	-0.317577	-0.391499	-0.0912529	0.235958	2.7030000000000003	-0.035934100000000004	538.6990000000001	2.69637	-0.0358459	538.038	2.4586200000000002	0.0326853	513.771	2.46952	0.0328301	514.9069999999999	img_SimpleFlight__0_1627900336377390300.png	0.8381504671513752	0.014876010434419832
SimpleFlight	3.456	11.9975	-2.92178	-30.5488	0.895777	-0.0788302	-0.00229549	-0.43745200000000006	4.18499	-3.62521	0.45765100000000003	0.0563606	0.0739712	-0.1054	-0.7916270000000001	-1.32759	-0.353171	-0.47067200000000003	-0.07825839999999999	0.0385349	2.65728	-0.035326300000000005	534.124	2.65021	-0.03523219999999999	533.4119999999999	2.54882	0.0338844	523.11	2.56008	0.0340341	524.264	img_SimpleFlight__0_1627900336460283500.png	0.8397866550085801	0.0069892271485177924
SimpleFlight	3.534	12.3216	-3.2085	-30.5141	0.894143	-0.0757618	-0.00104262	-0.441325	4.1233900000000006	-3.7254300000000002	0.432751	0.0538874	0.0679302	-0.105626	-0.785582	-1.2391299999999998	-0.25622399999999995	0.6925600000000001	-0.0775358	-0.019244099999999997	2.6034200000000003	-0.0346102	528.683	2.60469	-0.034627099999999994	528.811	2.5914599999999997	0.034451300000000004	527.467	2.5939799999999997	0.0344847	527.7230000000001	img_SimpleFlight__0_1627900336542906500.png	0.8322491690155515	0.027880035831229562
SimpleFlight	3.609	12.6284	-3.49166	-30.4848	0.8925690000000001	-0.07188939999999999	-0.000113933	-0.445144	4.05379	-3.83776	0.246454	0.13881400000000002	0.101246	-0.1105	-1.162	-1.93944	-6.26853	-1.96045	-0.5029779999999999	-0.0818782	2.57123	-0.0341824	525.404	2.57456	-0.034226599999999996	525.745	2.59675	0.0345216	528.005	2.59679	0.0345221	528.009	img_SimpleFlight__0_1627900336625816900.png	0.8161832770239464	0.05117180102949041
SimpleFlight	3.687	12.9413	-3.79645	-30.4823	0.890849	-0.0672262	0.000688382	-0.449298	3.97249	-3.9673	-0.11838	0.0815798	0.0719107	-0.115605	-0.863447	-1.27714	-2.09383	-1.04237	-0.302533	-0.0630529	4.11419	-0.0546947	664.6080000000001	4.09983	-0.0545038	663.447	4.11951	0.0547653	665.0369999999999	4.17926	0.0555597	669.8430000000001	img_SimpleFlight__0_1627900336707919200.png	0.7876314370912281	0.07788614675140629
SimpleFlight	3.765	13.2487	-4.109369999999999	-30.4952	0.8889959999999999	-0.0632688	0.00125408	-0.45352200000000004	3.9118199999999996	-4.052230000000001	-0.188047	0.0752285	0.0614867	-0.11693599999999998	-0.722907	-0.964341	-0.187621	0.23869899999999997	-0.113765	0.024802	2.81497	-0.037422699999999996	549.743	2.82919	-0.0376117	551.13	2.84766	0.037857199999999994	552.9259999999999	2.83898	0.0377418	552.082	img_SimpleFlight__0_1627900336792230400.png	0.7493255323923651	0.09616846692060582
SimpleFlight	3.846	13.5634	-4.44033	-30.5077	0.887014	-0.0603993	0.00164429	-0.457772	3.8647400000000003	-4.10799	-0.0230135	0.013183799999999999	0.025586599999999998	-0.11209000000000001	-0.40842	-0.360058	4.8958900000000005	2.2048400000000004	0.706399	0.05935119999999999	2.5232799999999997	-0.03354480000000001	520.482	2.5286	-0.0336156	521.03	2.49781	0.0332062	517.8480000000001	2.49747	0.033201800000000004	517.813	img_SimpleFlight__0_1627900336874623200.png	0.4805409133186094	0.048039026316386464
SimpleFlight	3.924	13.8637	-4.76185	-30.4948	0.885009	-0.0593129	0.0023704999999999998	-0.46177399999999996	3.83158	-4.13762	0.337393	0.00458165	0.0364488	-0.11753800000000002	-0.5145350000000001	-0.5246350000000001	3.1495599999999997	-0.466668	0.11685999999999999	-0.177791	1.26295	-0.0167899	368.228	1.2453100000000001	-0.0165554	365.647	1.24641	0.016569999999999998	365.809	1.2606700000000002	0.016759599999999996	367.895	img_SimpleFlight__0_1627900336957131400.png	0.5000802882891784	0.040155827248281234
SimpleFlight	4.002	14.1598	-5.0881	-30.4779	0.8827870000000001	-0.0574811	0.00339457	-0.466232	3.7578300000000002	-4.23421	0.021293299999999998	0.0106815	0.0463411	-0.135633	-0.9251510000000001	-1.16697	-3.6565199999999995	0.6859810000000001	0.0707897	-0.300664	3.61815	-0.048100199999999996	623.256	3.6438	-0.0484413	625.461	3.79779	0.0504884	638.5409999999999	3.69947	0.049181300000000004	630.221	img_SimpleFlight__0_1627900337041022100.png	0.5133540689356256	0.019003451222583855
SimpleFlight	4.08	14.4504	-5.42146	-30.4831	0.880109	-0.056311900000000005	0.00448973	-0.47139899999999996	3.6939300000000004	-4.3091099999999996	-0.118354	0.00288218	0.0439464	-0.159134	-0.759365	-0.832633	-0.674878	0.284451	-0.021722799999999997	-0.284368	3.0653	-0.0407506	573.6669999999999	3.06113	-0.0406952	573.2769999999999	3.22738	0.04290530000000001	588.638	3.2262	0.04288959999999999	588.53	img_SimpleFlight__0_1627900337123636200.png	0.517828041147644	0.0018223898956679534
SimpleFlight	4.161	14.7471	-5.77311	-30.494	0.8768229999999999	-0.0555499	0.00558141	-0.47756099999999996	3.63364	-4.37234	-0.142353	-0.00499195	0.0395517	-0.181115	-0.7383649999999999	-0.744205	-0.06852439999999999	0.346946	-0.0781365	-0.22200300000000003	2.50865	-0.0333504	518.971	2.5053099999999997	-0.0333059	518.625	2.65931	0.035353300000000004	534.328	2.6663099999999997	0.0354463	535.03	img_SimpleFlight__0_1627900337206220500.png	0.5150620849458634	0.013468200228713308
SimpleFlight	4.236	15.0176	-6.1031	-30.5047	0.873403	-0.055031	0.00647917	-0.483836	3.5794900000000003	-4.42472	-0.119925	-0.0207108	0.028682	-0.195545	-0.483126	-0.343052	4.094069999999999	-3.58428	-1.33743	-0.14610599999999999	2.45265	-0.0326059	513.146	2.4567099999999997	-0.0326598	513.57	2.5702599999999998	0.0341694	525.305	2.56908	0.034153699999999995	525.184	img_SimpleFlight__0_1627900337287927600.png	0.506440537172194	0.02666846042153661
SimpleFlight	4.317	15.3061	-6.46243	-30.4987	0.869382	-0.0560141	0.00739994	-0.4909	3.54365	-4.447080000000001	0.271934	-0.0301401	0.019806099999999997	-0.20134200000000002	-0.44923	-0.275545	4.83047	0.289609	-0.07315830000000001	-0.023843400000000004	1.2208700000000001	-0.0162304	362.04	1.23189	-0.0163769	363.671	1.2924200000000001	0.017181599999999998	372.49800000000005	1.28247	0.0170493	371.06199999999995	img_SimpleFlight__0_1627900337372944700.png	0.492451491041318	0.034041873757428925
SimpleFlight	4.395	15.5798	-6.811839999999999	-30.4817	0.8655459999999999	-0.0548058	0.00776878	-0.497762	3.46706	-4.52208	0.044186199999999995	0.014296200000000002	0.031225599999999996	-0.19813599999999998	-1.00729	-0.976834	-3.34725	1.2776	-0.10141	0.113257	3.8599900000000003	-0.0513153	643.748	3.91114	-0.051995299999999994	648.0	3.9372300000000005	0.052342200000000005	650.1569999999999	3.8136	0.050698599999999996	639.868	img_SimpleFlight__0_1627900337455102100.png	0.23641122918561366	0.10432239402929348
SimpleFlight	4.473	15.8474	-7.16717	-30.4847	0.861682	-0.054186	0.00845597	-0.5044770000000001	3.39718	-4.5857	-0.0877195	-0.018963099999999997	0.0322351	-0.19888	-0.83631	-0.718512	-0.707829	-0.329592	0.023527700000000002	-0.09467089999999999	3.0798200000000002	-0.0409436	575.024	3.07729	-0.0409099	574.7869999999999	3.03815	0.0403896	571.12	3.0319599999999998	0.040307300000000004	570.538	img_SimpleFlight__0_1627900337537610800.png	0.278918322166251	0.08782150287050819
SimpleFlight	4.554	16.1199	-7.5409	-30.4933	0.8573860000000001	-0.0547939	0.00981381	-0.511655	3.3300699999999996	-4.6410599999999995	-0.118112	-0.0457018	0.0311459	-0.21183600000000002	-0.8337469999999999	-0.6628229999999999	-0.1905	-0.5166149999999999	-0.00139087	-0.21905700000000003	2.59564	-0.034506800000000004	527.8919999999999	2.58239	-0.0343307	526.544	2.65398	0.0352824	533.7919999999999	2.6684099999999997	0.0354742	535.241	img_SimpleFlight__0_1627900337622852600.png	0.31598937836145014	0.07261148412202355
SimpleFlight	4.632	16.3771	-7.9049	-30.5029	0.852836	-0.0559351	0.011354799999999998	-0.519051	3.26471	-4.69113	-0.11598599999999999	-0.0628136	0.026518200000000002	-0.22933299999999998	-0.597352	-0.356108	3.39804	-3.5617300000000003	-0.9912770000000001	-0.25149099999999996	2.478	-0.032943	515.7909999999999	2.4836099999999997	-0.0330175	516.374	2.5946	0.0344931	527.7869999999999	2.59107	0.034446	527.427	img_SimpleFlight__0_1627900337705490700.png	0.3450989510767153	0.0582121891523166
SimpleFlight	4.713	16.6399	-8.28571	-30.4969	0.847562	-0.0589249	0.013271000000000002	-0.5272479999999999	3.2231799999999997	-4.711469999999999	0.26556599999999997	-0.08712660000000001	0.0178963	-0.246784	-0.912018	-0.645343	0.201043	1.8605099999999999	0.573591	-0.20935	1.17916	-0.015676	355.80300000000005	1.2036799999999999	-0.0160019	359.483	1.33742	0.0177799	378.92800000000005	1.30199	0.017308900000000002	373.875	img_SimpleFlight__0_1627900337788048500.png	0.37020010783949214	0.05020537477869149
SimpleFlight	4.791	16.8873	-8.65634	-30.4892	0.842209	-0.0594448	0.0144464	-0.53567	3.1233299999999997	-4.78863	-0.035707199999999994	-0.0234509	0.030918599999999997	-0.259781	-1.13575	-0.818852	-1.97585	1.8377700000000001	0.161228	-0.100373	3.89281	-0.051751599999999995	646.48	3.96193	-0.0526705	652.194	4.06637	0.05405890000000001	660.7339999999999	3.9508099999999997	0.0525227	651.278	img_SimpleFlight__0_1627900337872518300.png	0.3874896414600217	0.028168703639803824
SimpleFlight	4.869	17.1276	-9.03215	-30.4958	0.836599	-0.059754999999999996	0.0153472	-0.544331	3.04049	-4.8453800000000005	-0.11391	-0.021305599999999997	0.029605000000000003	-0.26447600000000004	-1.0226899999999999	-0.670612	-0.42175	-0.431893	-0.00276714	-0.010148899999999999	2.78803	-0.0370645	547.107	2.76874	-0.036808	545.21	2.81095	0.0373693	549.351	2.83629	0.037706	551.821	img_SimpleFlight__0_1627900337954250400.png	0.3960188873484113	0.01061841463243974
SimpleFlight	4.947	17.3618	-9.41198	-30.5043	0.83088	-0.06048730000000001	0.016260399999999998	-0.552916	2.9716299999999998	-4.88664	-0.020702	-0.0928568	0.00451475	-0.259821	-0.5502090000000001	-0.219996	4.8756	-0.50333	-0.26900100000000005	0.0975539	2.5856	-0.0343733	526.87	2.5818	-0.0343228	526.4830000000001	2.5714099999999998	0.0341847	525.422	2.5762400000000003	0.034248900000000006	525.9159999999999	img_SimpleFlight__0_1627900338037257300.png	0.1537248284421122	0.15366461703344836
SimpleFlight	5.031	17.6092	-9.82347	-30.4914	0.824694	-0.062289	0.017633900000000004	-0.561862	2.90096	-4.92507	0.153799	0.00839188	0.0431371	-0.257427	-1.61914	-1.09853	-5.59312	-0.153618	0.441932	-0.117192	1.26526	-0.016820500000000002	368.564	1.27506	-0.0169508	369.98800000000006	1.25894	0.016736599999999997	367.64300000000003	1.21643	0.0161714	361.38199999999995	img_SimpleFlight__0_1627900338121819600.png	0.22482221920149884	0.1396070544185088
SimpleFlight	5.109	17.8311	-10.2105	-30.4908	0.818765	-0.0630789	0.0190803	-0.570334	2.7932	-4.99305	-0.0819377	-0.0573508	0.034399599999999995	-0.268857	-1.23118	-0.721441	-1.3019	-0.420436	-0.1261	-0.144922	3.31325	-0.0440469	596.4169999999999	3.3131	-0.0440449	596.404	3.3746300000000002	0.0448628	601.9159999999999	3.3940699999999997	0.0451213	603.648	img_SimpleFlight__0_1627900338203958700.png	0.2817211186374911	0.11734576111367172
SimpleFlight	5.181	18.0291	-10.5718	-30.4991	0.812887	-0.06441480000000001	0.0206983	-0.5784779999999999	2.70683	-5.04148	-0.136758	-0.0659205	0.0330047	-0.28379099999999996	-1.18791	-0.640567	-0.42374700000000004	-0.383221	0.00244972	-0.234817	2.69499	-0.0358276	537.9	2.71157	-0.036048000000000004	539.552	2.80701	0.0373168	548.965	2.7951200000000003	0.037158699999999996	547.8009999999999	img_SimpleFlight__0_1627900338286171600.png	0.3263857419612197	0.1000400917238198
SimpleFlight	5.256	18.2291	-10.9514	-30.5066	0.806264	-0.06703710000000002	0.0227937	-0.587304	2.6383	-5.07306	0.0317293	-0.117895	0.0125928	-0.29842199999999997	-0.63925	-0.20743499999999998	4.9047	4.193219999999999	0.6285689999999999	-0.13253099999999998	2.53686	-0.0337254	521.88	2.53402	-0.0336876	521.589	2.65955	0.0353565	534.352	2.6625	0.0353957	534.648	img_SimpleFlight__0_1627900338368349000.png	0.3658950175376885	0.08686812358319344
SimpleFlight	5.334	18.4328	-11.3478	-30.4904	0.798987	-0.0695625	0.0246724	-0.596801	2.5703099999999997	-5.1006599999999995	0.277769	-0.016573599999999997	0.037574500000000004	-0.309086	-1.97701	-1.08243	-5.65232	4.868869999999999	1.40514	-0.0925064	1.2262899999999999	-0.0163025	362.844	1.20891	-0.0160714	360.26300000000003	1.28325	0.0170598	371.176	1.2968899999999999	0.0172411	373.14300000000003	img_SimpleFlight__0_1627900338450502900.png	0.4023935657207176	0.07407732680576998
SimpleFlight	5.409	18.6201	-11.7333	-30.4846	0.791884	-0.0694082	0.0254084	-0.606182	2.43122	-5.17376	-0.0665505	-0.00815731	0.0380362	-0.312581	-1.57752	-0.769935	-2.26251	-0.602721	0.0970232	-0.0124407	4.11395	-0.0546914	664.5880000000001	4.06874	-0.0540905	660.927	4.11027	0.05464259999999999	664.291	4.16737	0.055401599999999995	668.8889999999999	img_SimpleFlight__0_1627900338534217200.png	0.42791173898333995	0.04659100613767634
SimpleFlight	5.487	18.8053	-12.139000000000001	-30.4941	0.7843979999999999	-0.0693717	0.0260858	-0.6158140000000001	2.31859	-5.2256800000000005	-0.15474000000000002	-0.0134939	0.0358147	-0.307006	-1.36449	-0.598115	-0.44207799999999997	0.440871	-0.044762800000000005	0.167498	2.8829700000000003	-0.0383267	556.344	2.87649	-0.0382405	555.7180000000001	2.85829	0.0379986	553.9580000000001	2.87048	0.0381607	555.138	img_SimpleFlight__0_1627900338614740700.png	0.44375955989391097	0.02489635713431138
SimpleFlight	5.562	18.9754	-12.5325	-30.5064	0.777293	-0.0694931	0.0268423	-0.6247119999999999	2.22237	-5.26574	-0.136824	-0.0851428	0.0249071	-0.297222	-0.745404	-0.204599	4.45831	-6.081580000000001	-1.41345	0.0448487	2.63778	-0.035067	532.16	2.6499900000000003	-0.0352294	533.391	2.55	0.033900099999999996	523.231	2.5394200000000002	0.0337594	522.144	img_SimpleFlight__0_1627900338696204800.png	0.25601476744549073	0.16374413763067877
SimpleFlight	5.64	19.1466	-12.9438	-30.5023	0.769696	-0.0724982	0.029191900000000003	-0.633609	2.1667799999999997	-5.2794	0.242181	-0.108928	0.023657	-0.29851500000000003	-0.796868	-0.210842	4.37861	-0.198534	0.00370178	-0.12751099999999999	1.25112	-0.0166326	366.499	1.25914	-0.0167393	367.67199999999997	1.26306	0.0167913	368.24300000000005	1.2549299999999999	0.016683299999999998	367.05699999999996	img_SimpleFlight__0_1627900338779812300.png	0.3264684196636378	0.153838689846556
SimpleFlight	5.721	19.3178	-13.373	-30.4799	0.761633	-0.0736535	0.030919	-0.643067	2.0325900000000003	-5.331840000000001	0.11948800000000001	-0.028962	0.050069499999999996	-0.309091	-2.32815	-0.970648	-6.1172	-3.2830800000000004	-0.716712	-0.162624	1.8108	-0.024073	440.918	1.8148	-0.0241263	441.406	1.89757	0.0252265	451.358	1.88652	0.0250797	450.043	img_SimpleFlight__0_1627900338862146000.png	0.39274339986876367	0.12859088975317975
SimpleFlight	5.796	19.4644	-13.7752	-30.483	0.7538159999999999	-0.0741058	0.0322949	-0.652095	1.8846599999999998	-5.38884	-0.14268499999999998	-0.0510158	0.0439626	-0.320921	-1.71025	-0.602963	-1.56546	-0.20365899999999998	-0.054629	-0.151831	3.6754300000000004	-0.048861699999999994	628.17	3.713	-0.049361199999999994	631.372	3.77086	0.0501303	636.2719999999999	3.74079	0.0497306	633.731	img_SimpleFlight__0_1627900338943635200.png	0.44140110485622	0.10081828566077287
SimpleFlight	5.871	19.6011	-14.1809	-30.4966	0.74565	-0.0745087	0.033549699999999995	-0.661309	1.7633	-5.42903	-0.204871	-0.0320669	0.043054699999999994	-0.328167	-1.5681200000000002	-0.49064300000000005	-0.395793	-0.0389157	0.019547400000000003	-0.0721112	2.75197	-0.0365851	543.557	2.75959	-0.0366864	544.309	2.82936	0.0376139	551.146	2.82087	0.037501099999999996	550.319	img_SimpleFlight__0_1627900339025532000.png	0.47961528885823895	0.0784233913166918
SimpleFlight	5.952	19.7395	-14.622	-30.5099	0.736532	-0.0760904	0.0353131	-0.671181	1.6682299999999999	-5.4533	-0.019524299999999998	-0.0796282	0.0214988	-0.327888	-0.789538	-0.11938900000000001	4.92643	4.13635	0.8367600000000001	0.041123900000000005	2.582	-0.0343255	526.503	2.57658	-0.0342535	525.951	2.58985	0.0344298	527.303	2.5951	0.0344996	527.837	img_SimpleFlight__0_1627900339107516000.png	0.5112185358444373	0.061252349783232865
SimpleFlight	6.027	19.8623	-15.0313	-30.4981	0.7280939999999999	-0.07746979999999999	0.0366974	-0.680096	1.60096	-5.46486	0.304531	-0.040984	0.030938999999999998	-0.31988	-1.2069	-0.268746	2.45545	0.5934470000000001	0.107919	0.17273	1.28803	-0.0171233	371.866	1.27846	-0.016996	370.481	1.22114	0.016234000000000002	362.08099999999996	1.2277200000000001	0.0163215	363.056	img_SimpleFlight__0_1627900339189235800.png	0.5350763746430508	0.04936190331531953
SimpleFlight	6.102	19.9761	-15.443	-30.4858	0.720072	-0.0760178	0.0365616	-0.688753	1.4272	-5.51631	-0.031943400000000004	0.0125545	0.0468311	-0.304211	-2.2133700000000003	-0.625063	-3.9403	1.1705299999999998	0.217502	0.199465	3.98999	-0.05304349999999999	654.499	4.07229	-0.0541376	661.2139999999999	4.00593	0.053255399999999994	655.805	3.84469	0.051111800000000006	642.471	img_SimpleFlight__0_1627900339271873000.png	0.3337117749555618	0.17463236318890865
SimpleFlight	6.183	20.0853	-15.8916	-30.4963	0.71172	-0.0746535	0.036813	-0.697515	1.27485	-5.5551699999999995	-0.187334	0.00458938	0.05290369999999999	-0.28896900000000003	-1.69133	-0.388667	-0.760815	-0.6250319999999999	0.10768599999999999	0.124859	3.2111400000000003	-0.0426893	587.155	3.1804099999999997	-0.0422809	584.339	3.08448	0.0410055	575.4580000000001	3.10871	0.0413277	577.714	img_SimpleFlight__0_1627900339354504100.png	0.4073783974557104	0.14704312147699608
SimpleFlight	6.261	20.1802	-16.3258	-30.5094	0.7036859999999999	-0.07543689999999999	0.038693	-0.705434	1.1751	-5.57304	-0.0428028	-0.129398	0.02305	-0.283172	-0.803601	-0.054111	4.92699	4.51885	0.8891110000000001	0.036706199999999994	2.68491	-0.0356936	536.893	2.6736400000000002	-0.03554380000000001	535.765	2.6239	0.0348825	530.758	2.63348	0.0350099	531.726	img_SimpleFlight__0_1627900339436603300.png	0.46791891306195366	0.12927054859687878
SimpleFlight	6.336	20.266	-16.7439	-30.4987	0.695762	-0.07748830000000001	0.041542699999999995	-0.712871	1.11362	-5.5766	0.326782	-0.0998952	0.0427825	-0.289503	-0.837635	-0.0400936	4.92471	-0.294904	0.296737	-0.225325	1.25468	-0.0166799	367.02	1.24645	-0.016570500000000002	365.814	1.26034	0.0167551	367.846	1.2539	0.0166696	366.906	img_SimpleFlight__0_1627900339518200400.png	0.5206506723724436	0.11856260590455941
SimpleFlight	6.408	20.3412	-17.1463	-30.4786	0.687839	-0.0769904	0.043425	-0.720461	0.9515110000000001	-5.6060099999999995	0.0951763	-0.08608610000000001	0.07333789999999998	-0.31144	-2.71958	-0.493997	-5.90017	0.0859953	-0.41394200000000003	-0.398339	3.87974	-0.0515778	645.393	3.9722699999999995	-0.052808	653.044	4.13631	0.054988800000000004	666.3919999999999	3.9647300000000003	0.0527077	652.424	img_SimpleFlight__0_1627900339599701500.png	0.5640469157482926	0.08958841968657964
SimpleFlight	6.483	20.4056	-17.5679	-30.4841	0.678469	-0.0773909	0.0466155	-0.729052	0.7732829999999999	-5.632999999999999	-0.18566300000000002	-0.10621300000000002	0.084707	-0.35542199999999996	-2.08625	-0.24309299999999998	-1.8926900000000002	-0.5753550000000001	0.381304	-0.781243	3.49025	-0.0463999	612.141	3.4733699999999996	-0.0461755	610.659	3.7882599999999997	0.050361699999999995	637.739	3.7870199999999996	0.0503453	637.635	img_SimpleFlight__0_1627900339682027400.png	0.5951700372818458	0.057884766497591444
SimpleFlight	6.561	20.4597	-18.0079	-30.5028	0.666737	-0.0790174	0.0519587	-0.739269	0.616492	-5.64656	-0.27916399999999997	-0.17164400000000002	0.11015499999999999	-0.425991	-2.01037	-0.11516900000000001	-0.8827870000000001	-1.34309	0.536145	-1.12519	2.60669	-0.0346538	529.015	2.61384	-0.0347488	529.74	3.03677	0.0403713	570.99	3.0344	0.0403398	570.768	img_SimpleFlight__0_1627900339765648700.png	0.6145812629165583	0.03020954314555493
SimpleFlight	6.639	20.5033	-18.4483	-30.5183	0.6514939999999999	-0.0866082	0.06376	-0.750992	0.5161319999999999	-5.64387	-0.0263019	-0.408656	0.13097	-0.533027	-1.03301	0.11015899999999999	4.97066	-1.55661	0.929035	-1.59851	1.2944799999999999	-0.017208900000000003	372.795	0.971261	-0.012912100000000001	322.91700000000003	1.63751	0.0217693	419.29	2.09085	0.0277961	473.788	img_SimpleFlight__0_1627900339847065700.png		
SimpleFlight	6.717	20.5402	-18.8882	-30.5052	0.631005	-0.09693389999999999	0.08194320000000001	-0.765324	0.42873999999999995	-5.63198	0.36236799999999997	-0.661926	0.22945100000000002	-0.702666	-1.22022	0.203652	4.98836	-6.18888	2.24052	-2.85938	0.7934859999999999	-0.010548700000000001	291.872	0.722424	-0.00960402	278.496	1.7117099999999998	0.0227558	428.685	1.78771	0.0237661	438.099	img_SimpleFlight__0_1627900339931309100.png		
SimpleFlight	6.795	20.5679	-19.3265	-30.4682	0.602763	-0.102519	0.1032	-0.7845489999999999	0.23856100000000002	-5.602119999999999	0.454801	-0.451805	0.49105200000000004	-0.94968	-3.3058199999999998	0.6155079999999999	-1.43785	-18.458	3.91405	-3.8736099999999998	0.43357700000000005	-0.00576404	215.753	0.248106	-0.00329836	163.208	2.13827	0.0284264	479.131	2.19539	0.0291858	485.48800000000006	img_SimpleFlight__0_1627900340013353100.png		
SimpleFlight	6.873	20.5758	-19.7609	-30.4377	0.561855	-0.104577	0.139742	-0.808613	-0.045387699999999996	-5.5248800000000005	0.319412	-1.08884	0.9800549999999999	-1.2554100000000001	-4.02493	1.48508	-1.98331	-1.35515	3.4959300000000004	-3.64318	2.07573	-0.027595099999999997	472.07199999999995	1.75515	-0.0233333	434.091	4.0697	0.05410319999999999	661.0039999999999	4.17935	0.0555609	669.85	img_SimpleFlight__0_1627900340095838700.png		
SimpleFlight	6.951	20.5596	-20.186	-30.4181	0.5034029999999999	-0.0895079	0.198948	-0.836058	-0.367383	-5.35684	0.210581	-0.181977	2.00795	-1.4968299999999999	-3.2277	2.35535	1.38135	89.154	28.5631	-2.13291	2.25914	-0.030033400000000002	492.48699999999997	2.1771599999999998	-0.0289435	483.469	4.17943	0.055562	669.8560000000001	4.12641	0.054857100000000006	665.5939999999999	img_SimpleFlight__0_1627900340180856800.png		
